prediction,actual,denormalized prediction,denormalized actual,%error
-0.066189766,-0.09632439570193843,612.8280118716563,455.0,34.68747513662775
-0.024029609,-0.056610260560809665,833.6388805612258,663.0,25.737387716625314
0.14111783,0.222343352137215,1698.5869989403882,2124.0,20.02886069018888
-0.0559765,-0.10128866259457953,666.3192824367266,429.0,55.319180055181015
-0.13408798,-0.10014306254243159,257.21587444515967,435.0,40.86991392065295
-0.028830066,-0.09861559580623433,808.4968207383168,443.0,82.50492567456362
-0.077208936,-0.1180907966927494,555.1158796299852,341.0,62.79058053665255
0.11027677,0.11293854715708625,1537.0591473605778,1551.0,0.8988299574095582
-0.04748328,-0.13451106410686994,710.8019195753507,255.0,178.745850813863
0.07893106,0.05069427765704788,1372.8881868255653,1225.0,12.072505046984922
0.050419122,0.0600500114162561,1223.5588914253372,1274.0,3.9592706887490463
0.073154695,0.032173743480656096,1342.634863753141,1128.0,19.027913453292637
-0.013463105,0.029500676692310893,888.9802035004249,1114.0,20.199263599602794
-0.07542171,-0.13355639739674666,564.4763344510059,260.0,117.10628248115611
0.11732407,0.08678067929970816,1573.9688641006924,1414.0,11.313215282934397
-0.114747204,-0.14291213115595489,358.5118330344244,211.0,69.9108213433291
0.03334423,0.2590025538059493,1134.1303492247985,2316.0,51.03064122518142
-0.0070013497,-0.04362679330313295,922.8231944838927,731.0,26.241203075771917
0.07248747,0.06826014512331638,1339.1403360969384,1317.0,1.681118913966471
-0.050004434,-0.13527479747496857,697.5975545719162,251.0,177.9273125784527
-0.03811845,-0.09040546209917405,759.8495524720696,486.0,56.34764454157811
-0.061862424,-0.0587105273230809,635.4921619268,652.0,2.531877005092023
-0.045956258,-0.10243426264672748,718.799593287962,423.0,69.92898186476644
0.10412054,0.038856410451519115,1504.8162930323442,1163.0,29.390910836830976
0.31975526,0.2912702886081164,2634.1880216719815,2485.0,6.0035421195968395
0.070799686,0.061768411494478016,1330.3006674706817,1283.0,3.686723887036764
0.06281596,0.032555610164705415,1288.4864449853942,1130.0,14.025349113751698
0.09597449,-0.050691326958045284,1462.151939568552,694.0,110.68471751708242
0.02699255,-0.012886525237163085,1100.8638628227156,892.0,23.415231258151977
0.13222404,0.26186655393631914,1652.0064082140088,2331.0,29.128854216473236
0.08560626,0.0991913465313109,1407.8490721451126,1479.0,4.8107456291337
0.1383926,0.016899076118683493,1684.313804754601,1048.0,60.71696610253827
0.059759125,0.011934809226042396,1272.4765033718872,1022.0,24.508464126407752
0.13240148,0.2500286867307904,1652.935753636944,2269.0,27.1513550622766
-0.06282444,-0.04820919351172473,630.4536549982902,707.0,10.826922913961786
-0.052294493,-0.08276812841818774,685.6035316487296,526.0,30.342876739302206
-0.07840402,-0.077612928183522,548.8567288412621,553.0,0.7492352909110106
-0.057660148,-0.13031053058232747,657.5012904724802,277.0,137.3650868131697
0.040581267,0.04382067734416021,1172.0338170235786,1189.0,1.4269287616838815
-0.018956944,0.10759241358039583,860.2066052744162,1523.0,43.518935963597094
0.071483605,0.09365427961259583,1333.882643190908,1450.0,8.00809357304082
-0.04939587,0.027209476588015,700.7848628581669,1102.0,36.40790718165455
-0.051661745,0.07379721204203145,688.9175050022816,1346.0,48.81742161944416
-0.057476208,-0.11389026316820693,658.464662986816,363.0,81.3952239633102
-0.011012322,-0.07646732813137405,901.8160067168412,559.0,61.326655942189845
0.15063837,0.09900041318928623,1748.4501894176974,1478.0,18.29838899984421
-0.04715299,-0.1167542632985768,712.5317991497604,348.0,104.7505169970576
-0.104988955,-0.11159906306391104,409.6199780117896,375.0,9.23199413647723
0.09992114,0.049166810920850616,1482.822226937674,1217.0,21.842417989948565
-0.016819607,-0.015941458709557606,871.4007574183232,876.0,0.5250276919722348
0.0830047,0.11408414720923418,1394.2235633527534,1557.0,10.45449175640633
0.09778123,0.13126814799145337,1471.6146317513503,1647.0,10.648777671441996
0.028028052,-0.062147327479524735,1106.2872329343822,634.0,74.49325440605398
-0.10615537,-0.11350839648415761,403.5109444485464,365.0,10.550943684533264
0.15376747,-0.026824659204963085,1764.8386043792498,819.0,115.48700908171547
0.030503273,0.49041376433983425,1119.2510279624894,3528.0,68.27519762011084
-0.044565633,0.05126707768312185,726.0828931906273,1228.0,40.872728567538495
0.059243873,0.31456415633512463,1269.77790528369,2607.0,51.29352108616456
-0.0068049617,-0.05050039361602062,923.8517628273087,695.0,32.92831119817391
0.049570415,-0.09307852888751926,1219.1138489688087,472.0,158.28683240864592
0.0252867,-0.08276812841818774,1091.9295953703943,526.0,107.59117782707115
0.021481866,-0.045536126723379526,1072.0020409725435,721.0,48.68266865083821
-0.076944806,-0.08544119520653295,556.4992447873784,512.0,8.691258747534846
-0.0337345,-0.04572706006540418,782.8101908763679,720.0,8.72363762171776
-0.07840111,-0.14997666481086722,548.8719473798473,174.0,215.44364791945245
-0.06855131,-0.09193292883537131,600.4595933883271,478.0,25.61916179672115
-0.026069997,-0.03274359280772747,822.9524910550242,788.0,4.435595311551296
0.061807618,0.008307075727573903,1283.205338943079,1003.0,27.936723723138474
-0.09042513,-0.14214839778785626,485.8969713421631,214.9999999999999,125.99859132193644
-0.019982066,-0.01708705876170555,854.837602416298,870.0,1.7428043199657524
0.20928378,-0.027779325915086375,2055.601427142775,814.0,152.53088785537773
-0.08147707,-0.06157452745345076,532.7618365649348,637.0,16.36391890660364
-0.112171054,-0.17231586582775213,372.0042381470039,57.000000000000114,552.639014292988
-0.052620858,-0.07073932787063432,683.8942166123568,589.0,16.111072429941732
0.1744596,0.2511742867829383,1873.2122370017578,2275.0,17.661000571351305
0.008687036,-0.05966519403320419,1004.9900158890421,647.0,55.330759797378995
0.081037834,0.12764041449298488,1383.9222516501243,1628.0,14.992490684881801
0.13020334,0.26301215398846706,1641.4231243067215,2337.0,29.763666054483462
0.030805442,-0.05450999379853843,1120.8336193987202,674.0,66.29578922829677
0.14172915,0.044011610686184865,1701.788745327348,1190.0,43.007457590533434
0.16168547,0.04420254402820952,1806.3085757173617,1191.0,51.66318855729317
-0.07606806,-0.033316392833801445,561.091146141254,785.0,28.523420873725613
-0.075770736,-0.0839137284703357,562.6483538355626,520.0,8.201606506838962
-0.103868596,-0.14157559776178227,415.4877782275106,218.0,90.59072395757367
-0.08636585,-0.14081186439368365,507.1571917018769,222.0,128.4491854512959
0.07126151,0.04668467747453007,1332.7194395583806,1204.0,10.690983352024967
0.39314666,0.15704414916478213,3018.570377052936,1782.0,69.39227705123096
-0.027840855,0.04095667721379034,813.6777478237532,1174.0,30.69184430802784
-0.07054855,-0.11904546340287268,589.9991894246419,336.0,75.59499685257201
-0.056641042,-0.09346039557156857,662.8387831513483,470.0,41.02952833007409
-0.056284755,-0.11713612998262611,664.7048101132546,346.0,92.11121679573831
-0.093788825,-0.10319799601482611,468.27987401027326,419.0,11.761306446365934
0.12614179,0.15322548232428898,1620.1510412912903,1762.0,8.05045168607887
0.3349354,0.2637758873565657,2713.69294508006,2341.0,15.920245411365222
-0.069168836,-0.10568012946114666,597.2253417638251,406.0,47.099837872863326
-0.0012145389,-0.06940279447646172,953.1312103987918,596.0,59.92134402664293
-0.050524544,-0.10014306254243159,694.8735142089561,435.0,59.7410377491853
-0.02699101,0.028355076640162947,818.1287508745609,1108.0,26.16166508352339
0.29534197,0.35599669155447533,2506.3251383183497,2824.0,11.249109832919629
-0.05140038,-0.03637132630619597,690.286393037072,769.0,10.235839657077763
0.04415812,0.16544521621386707,1190.7673307373202,1826.0,34.78820751712375
-0.07532854,-0.0699755945025357,564.9643422549708,593.0,4.7277669047266775
0.44490808,0.21107828495776024,3289.6671799063856,2065.0,59.3059167024884
-0.029412415,-0.05851959398105624,805.4468109854301,653.0,23.345606582761125
0.43464983,0.1765193500512972,3235.940275635555,1884.0,71.75903798490206
-0.044852406,0.005634008939228697,724.5809404979511,989.0,26.73600197189574
-0.0019872217,-0.10319799601482611,949.0843388106425,419.0,126.51177537246838
-0.031410523,0.00047880870456294325,794.9818609711162,962.0,17.36155291360538
-0.0994089,-0.13680226421116584,438.8451132042627,243.0,80.59469679187765
-0.07125767,-0.11198092974796035,586.2852026376625,373.0,57.181019473904136
-0.10090514,-0.10988066298568912,431.00865844591976,384.0,12.241838136958272
0.30256683,0.34244042427072463,2544.1648248317006,2753.0,7.585731026817996
0.061813854,0.11484788057733282,1283.2380002681962,1561.0,17.7938500789112
0.102121726,-0.08677772860070555,1494.3476554490653,505.0,195.9104268215971
0.053587362,-0.011359058500965824,1240.1523274169576,900.0,37.79470304632863
0.40689003,0.22081588540101776,3090.550318459048,2116.0,46.05625323530472
-0.008031752,-0.06653879434609186,917.4265348585379,611.0,50.15164236637282
-0.07622866,0.002388142124809519,560.2499901983252,972.0,42.36111211951387
-0.09855824,-0.06787532774026446,443.3003989079159,604.0,26.605894220543725
-0.06470627,-0.06978466116051103,620.5977001696933,594.0,4.477727301295173
-0.03811628,-0.07360332800100419,759.8609273541147,574.0,32.37995250071684
-0.08192827,-0.12649186374183433,530.3987096978063,297.0,78.58542414067553
-0.100276105,-0.16391479877866721,434.3031988963554,101.0,330.00316722411424
0.12186408,0.01556254272451089,1597.7468550926965,1041.0,53.48192652187286
-0.07383965,-0.14272119781393022,572.762282404125,212.0,170.17088792647405
-0.07079073,-0.10262519598875214,588.7307827664076,422.0,39.50966416265584
0.1239329,0.07570654546227802,1608.5821423901966,1356.0,18.62700165119444
-0.095281586,-0.10377079604090009,460.4616424763388,416.0,10.68789482604298
-0.065547176,0.030264410060409523,616.1935331469289,1118.0,44.88429936073982
-0.033299174,-0.01632332539360692,785.0901815987381,874.0,10.172748100830878
-0.074872315,-0.12190946353324254,567.353769878526,321.0,76.74572270359066
-0.04550671,-0.1068257295132946,721.154076805612,400.0,80.288519201403
-0.059704337,-0.0048673248721274685,646.7949900449628,934.0,30.75000106584981
-0.061983094,-0.035607592938097336,634.8601633346831,773.0,17.870612763947854
-0.06827487,-0.11885453006084802,601.9074227142914,337.0,78.60754383213397
-0.099318676,-0.13852066428938775,439.31766833827953,234.0,87.74259330695706
-0.050613254,-0.09269666220346995,694.408900030329,473.99999999999994,46.499767938888006
0.14124973,0.0676873450972424,1699.2778425483677,1314.0,29.32099258358963
0.006017592,-0.09116919546727269,991.0089883776702,482.0,105.60352455968263
0.008029312,-0.07513079473720145,1001.5452313919716,566.0,76.95145430953562
-0.061230935,-0.14711266468049736,638.7995405802985,188.9999999999999,237.9891749102111
0.0621181,-0.008876925054645277,1284.8314593018526,913.0,40.72633727293019
-0.07509424,-0.04267212659300967,566.1914637495561,736.0,23.071811990549445
-0.0034205592,-0.04687266011755213,941.5773337073801,714.0,31.873576149493015
0.014235333,-0.027588392573061716,1034.0488300146312,815.0,26.877157057009963
-0.05943395,0.002388142124809519,648.2111335931548,972.0,33.31161177025156
-0.057907097,-0.12248226355931652,656.2079098022086,318.0,106.35468861704673
-0.030320976,-0.06386572755774665,800.6882861449936,625.0,28.11012578319898
-0.039425563,-0.019187325523976784,753.0036489771,859.0,12.339505357729912
-0.050470363,-0.1562774650976809,695.157281420729,141.0000000000001,393.0193485253393
0.08583669,0.004488408887080752,1409.0559412768116,983.0,43.34241518584045
-0.052506596,-0.0753217280792261,684.4926563757988,565.0,21.149142721380315
-0.11111849,-0.11618146327250282,377.5169781509644,351.0,7.554694629904389
-0.06598565,-0.11789986335072473,613.8970556744247,342.0,79.50206306269727
0.07462095,-0.009640658422743907,1350.3142553889058,909.0,48.54942303508315
-0.059953615,-0.13985719768356036,645.4894150328762,227.0,184.3565704990644
-0.017339088,0.022627076379423218,868.6800144053898,1078.0,19.41743836684696
-0.047821052,-0.011359058500965824,709.0328620195577,900.0,21.218570886715813
-0.047423307,-0.0627201275055987,711.1160263095595,631.0,12.696676118789146
0.1807447,0.08124361238099309,1906.1299359615095,1385.0,37.626710177726316
-0.07042899,-0.01727799210373021,590.6253737545815,869.0,32.03390405585944
-0.052653946,-0.07360332800100419,683.7209203819548,574.0,19.115142923685504
-0.094795674,-0.16334199875259323,463.00657234671957,104.00000000000011,345.1986272564606
-0.11424522,-0.10338892935685076,361.14093312974944,418.0,13.602647576614965
-0.044397566,-0.11007159632771378,726.963129560205,383.0,89.80760562929633
0.12757486,0.030073476718384864,1627.6566684339275,1117.0,45.71680111315376
-0.04006601,0.09308147958652185,749.6493464962973,1447.0,48.19285787862493
0.24938112,0.30234442244554655,2265.6084406703067,2543.0,10.908044016110631
0.13218889,0.004106542203031437,1651.822302919022,981.0,68.38147838114392
0.08574934,-0.03904439309454117,1408.5984485938047,755.0,86.56933093957679
0.15138231,0.05680414460183692,1752.3465255144426,1257.0,39.40704260258096
0.12843402,0.04993054428894925,1632.156439096522,1221.0,33.673746035751186
-0.05671603,-0.003721724819979523,662.446047301116,940.0,29.527016244562134
-0.10672737,-0.15914146522805078,400.5151556171062,125.99999999999989,217.86917112468777
-0.15549041,-0.11637239661452747,145.12212859834426,350.0,58.53653468618736
-0.040553197,-0.042481193250985004,747.0977438820753,737.0,1.3701145023168646
0.0061604134,-0.051455060326143914,991.757006376684,690.0,43.732899474881734
-0.043455534,-0.055082793824612404,731.8969602585745,671.0,9.075552944645976
-0.03801687,-0.09479692896574117,760.3815769722501,463.00000000000006,64.22928228342332
-0.051151153,-0.1131265298001083,691.5916948959018,367.0,88.44460351386971
-0.038732115,-0.11274466311605899,756.6355336995072,369.0,105.05028013536779
-0.052237898,-0.10644386282924528,685.8999419540963,402.0,70.62187610798416
0.1657225,0.025491076509793084,1827.4522767021642,1093.0,67.1959996982767
0.029205142,-0.05775586061295761,1112.452155605032,657.0,69.32300694140517
-0.06418107,-0.08200439505008912,623.3484315080184,530.0,17.612911605286488
0.00377447,-0.043244926619083635,979.2607948494357,733.0,33.59628851970473
-0.016454587,-0.04973666024792199,873.3125277952462,699.0,24.937414562982283
-0.0725512,-0.12706466376790831,579.5104555660521,293.9999999999999,97.11239985239874
-0.06562651,-0.05699212724485898,615.7780280216596,661.0,6.841448105649082
-0.03858001,-0.0587105273230809,757.4321656616008,652.0,16.170577555460248
0.09297331,-0.0713121278967083,1446.4334524798983,586.0,146.83164718087
0.066742696,0.01861747619690541,1309.0524658542608,1057.0,23.846023259627326
-0.06970905,-0.07245772794885624,594.3960203313704,580.0,2.4820724709259374
-6.676279e-05,0.03656521034722322,959.1426075254244,1151.0,16.66875694826895
0.104530364,-0.05718306058688364,1506.9627313231558,660.0,128.32768656411452
-0.004448531,-0.029879592677357607,936.193402536012,803.0,16.586974163886918
0.08276025,0.18988468399302325,1392.9432940388015,1954.0,28.71323981377679
0.07790509,0.013462275962239657,1367.514715960606,1030.0,32.76841902530156
0.3297198,0.3546601581603027,2686.3766828888947,2817.0,4.636965463653009
-0.0484346,-0.16696973225106174,705.8194480863492,85.0,730.3758212780579
-0.11972164,-0.14615799797037407,332.4585534582541,193.9999999999999,71.37038838054343
-0.11244238,-0.16105079864829736,370.583177840192,116.0,219.4682567587862
-0.0696227,-0.029306792651283636,594.8482450587132,806.0,26.197488206114983
-0.026382703,-0.06882999445038775,821.3147129054753,599.0,37.114309333134436
-0.07521412,-0.11369932982618228,565.5636014781828,364.0,55.37461579070957
-0.04585454,-0.1005249292264809,719.332339693178,433.0,66.12756113006421
-0.06770893,-0.06902092779241241,604.8714867460657,598.0,1.1490780511815502
0.4755493,0.1347049481478972,3450.148464294261,1665.0,107.2161239816373
-0.054451503,-0.023196925706494592,674.3063421942221,838.0,19.533849380164426
0.24415663,0.14119668177673556,2238.245508294147,1699.0,31.738994013781458
-0.09537118,-0.12000013011299597,459.9924042032956,331.0,38.970514865043995
0.066256516,-0.06443852758382063,1306.506131195703,622.0,110.04921723403585
-0.086292654,-0.11770893000870009,507.5405427866483,343.0,47.9710037278858
0.21546513,0.0073524090174506155,2087.975785253142,998.0,109.21601054640702
0.1253598,0.07742494554049993,1616.0554594047608,1365.0,18.39234134833412
0.05351239,-0.07016652784456034,1239.759669610513,592.0,109.41886310988393
-0.08053119,-0.1234369302694398,537.7158220714564,313.0,71.79419235509789
-0.073749594,-0.0132683919212124,573.2339400345843,890.0,35.59169213094558
-0.018755438,-0.07665826147339871,861.2619816588783,558.0,54.348025386895756
0.032923408,0.08200734574909171,1131.9263146187259,1389.0,18.50782472147402
0.2309912,0.3048265558918671,2169.2924951907335,2556.0,15.129401596606673
-0.12220716,-0.15742306514982884,319.44084968385084,135.0,136.6228516176673
-0.040023547,-0.08143159502401515,749.8717517800569,533.0,40.68888401126771
0.013089348,0.014416942672362945,1028.0468139951572,1035.0,0.6718054110959218
-0.06534415,-0.07360332800100419,617.2568797532012,574.0,7.536041768850392
-0.07364196,-0.12515533034766171,573.797650312537,304.0000000000001,88.74922707649237
-0.074763276,-0.15685026512375488,567.9248552944084,138.0,311.5397502133394
-0.074627966,-0.07646732813137405,568.6335319078585,559.0,1.723350967416542
0.15924169,0.04897587757882596,1793.5094725920717,1216.0,47.492555311848
-0.08936435,-0.14272119781393022,491.4527524949941,212.0,131.8173360825444
-0.052575406,-0.03274359280772747,684.1322696755335,788.0,13.181184051328234
0.4298986,0.15017054885189446,3211.0560139540894,1746.0,83.90927914971876
-0.09978088,-0.15971426525412474,436.89690613399637,123.0,255.20073669430602
0.10476804,-0.02033292557612473,1508.2075297356364,853.0,76.81213713196206
-0.0250839,-0.1320289306605494,828.1171069888487,267.9999999999999,208.99892051822727
-0.03389214,-0.048781993537798704,781.9845656471748,704.0,11.077353074882785
0.13557422,0.3281204236188753,1669.5527588524244,2678.0,37.65673043866974
-0.061647825,-0.046681726775527475,636.6161095341565,715.0,10.962781883334753
0.15465473,0.023199876405497193,1769.4855656252887,1081.0,63.68969154720524
0.014975367,-0.030834259387480894,1037.9247088835475,798.0,30.065752992925752
-0.06779512,0.07417907872608076,604.4200814784929,1348.0,55.161715023850675
0.12546183,0.07016947854356295,1616.5898252185698,1327.0,21.822895645709856
0.10602655,0.013462275962239657,1514.7989129282423,1030.0,47.0678556241012
0.12893626,0.28573322168940135,1634.7869049581304,2456.0,33.43701527043443
-0.11046355,-0.12095479682311926,380.9471587042772,326.0,16.854956657753732
0.1842158,0.22902601910807804,1924.3096119364318,2159.0,10.870328303083289
-0.10842299,-0.13985719768356036,391.63447498045684,227.0,72.52620043191932
-0.039149854,0.10988361368469172,754.4476541574711,1535.0,50.85031569006703
-0.0342856,-0.08964172873107543,779.9238389461126,490.0,59.16813039716584
-0.07223396,-0.10720759619734392,581.1719687825098,398.0,46.02310773429895
-0.0005267019,0.014226009330338288,956.733708586576,1034.0,7.472562032246037
-0.09309368,-0.14711266468049736,471.92065572446865,188.9999999999999,149.69346863728515
-0.05610113,0.03045534340243418,665.6665437080505,1119.0,40.51237321643873
-0.0020500745,-0.0902145287571494,948.755151333911,486.99999999999994,94.81625284063884
0.0073805247,-0.047445460143626106,998.1472536565241,711.0,40.38639291934235
0.06174495,-0.05832866063903158,1282.8771257942583,654.0,96.15858192572757
0.07239299,-0.00238519142580692,1338.6454994615572,947.0,41.35644133701765
0.14205962,0.09269961290247254,1703.5196004491027,1445.0,17.890629788865237
0.06461013,0.06043187810030542,1297.8833072333377,1276.0,1.7149927298854033
-0.012101763,0.15055241553594378,896.1101376049506,1748.0,48.735117985986804
0.024841465,-0.03999905980466446,1089.5977055292592,750.0,45.27969407056789
-0.08912309,-0.12591906371576037,492.7163204383962,300.0,64.23877347946541
0.0011889574,0.0006697420465876008,965.7193538495496,963.0,0.2823835773156422
-0.07265866,-0.1234369302694398,578.9476427916569,313.0,84.9672980165038
-0.051071323,-0.06462946092584529,692.0097949771094,621.0,11.434749593737429
-0.036161106,-0.007349458318448017,770.101013705359,921.0,16.384254755118455
-0.012511498,-0.012886525237163085,893.964177332338,892.0,0.22019925250425493
-0.065685645,-0.12248226355931652,615.4683112505041,318.0,93.54349410393212
0.45652997,0.34358602432287255,3350.5360272695616,2759.0,21.440232956490092
-0.102613874,-0.15341346496731104,422.0592992761681,156.0,170.5508328693385
-0.050938863,-0.032170792781653496,692.7035457161778,791.0,12.426858948650086
0.064505816,0.00047880870456294325,1297.3369616981297,962.0,34.858312026832614
0.15147784,0.07990707898682048,1752.846864236851,1378.0,27.202239784967414
-0.07789811,-0.14119373107773295,551.506393474624,220.0000000000001,150.68472430664715
-0.10578236,-0.09766092909611104,405.4645755620521,448.0,9.49451438347051
-0.04687194,-0.01555959202550829,714.003763517045,878.0,18.678386843161167
0.255774,0.12420361433654104,2299.090630345888,1610.0,42.800660269930916
0.006214339,-0.06787532774026446,992.039437088594,604.0,64.24493991533014
-0.069086686,-0.14673079799644803,597.655597164954,191.0,212.90868961515918
0.013943536,0.02167240966929993,1032.520566810055,1073.0,3.7725473615978546
-0.08950816,-0.13011959724030284,490.69955190070897,277.9999999999999,76.51063018011122
-0.07410416,-0.1280193304780316,571.3769271301476,288.9999999999999,97.70827928378817
-0.060758825,-0.06252919416357405,641.2721823923997,632.0,1.4671174671518534
-0.015049279,-0.06615692766204254,880.6727300951338,613.0,43.66602448533994
-0.06422147,-0.029497725993308292,623.1368157778967,805.0,22.591699903366873
0.1635383,0.049166810920850616,1816.0126963571506,1217.0,49.220435197793805
-0.08351999,-0.12878306384613022,522.0621893703119,285.0,83.17971556853048
0.11806784,0.016708142776658837,1577.8643026938798,1047.0,50.70337179502196
-0.034973122,-0.10606199614519597,776.3229961402299,404.0,92.15915746045293
-0.053457722,-0.11522679656237954,679.5111994560364,356.0,90.87393243147089
0.10569648,0.06730547841319309,1513.0701649887528,1312.0,15.325469892435429
-0.10626797,0.028546009982187603,402.92124558931755,1109.0,63.66805720565216
-0.027695786,-0.10262519598875214,814.4375333626184,422.0,92.99467615227924
1.3057142e-06,-0.006394791608324729,959.4991115472558,926.0,3.6176146379325895
-0.119059995,-0.161241731990322,335.92389273788797,115.00000000000011,192.10773281555447
0.07894371,0.20630495140714378,1372.9544069793578,2040.0,32.69831338336481
-0.06501761,-0.11847266337679871,618.9670922931316,339.0,82.58616291832791
-0.051218566,-0.018041725471828838,691.2386248007256,865.0,20.08802025425138
-0.08688044,-0.09422412893966721,504.46206656222853,465.99999999999994,8.253662352409568
-0.08011912,-0.10147959593660419,539.8740059523044,428.0,26.138786437454296
0.15039074,0.061004678126379386,1747.1532577550895,1279.0,36.603069410093006
0.04207681,-0.05412812711448912,1179.8666232348505,676.0,74.53648272704889
-0.09447243,-0.1274465304519576,464.6995372095867,292.0,59.14367712657079
-0.097981185,-0.1077803962234179,446.3226836052519,395.0,12.993084457025795
-0.022379985,0.008688942411623218,842.278669291924,1005.0,16.191177184883188
-0.014042173,-0.04859106019577405,885.9473780140239,705.0,25.66629475376226
0.06144618,-0.03274359280772747,1281.3123283416041,788.0,62.603087352995445
-0.0150898425,-0.1221003968752672,880.460280272032,320.0,175.14383758501003
-0.07647242,-0.07513079473720145,558.9733499204974,566.0,1.2414576112195386
-0.04854956,-0.08486839518045898,705.2173597758363,515.0,36.93540966521092
-0.06529851,0.04534814408035747,617.4958888527763,1197.0,48.413041866935984
-0.08693467,-0.09746999575408638,504.1780261971989,449.0,12.289092694253654
0.00858987,0.09499081300676843,1004.4811167386796,1457.0,31.058262406404967
0.12483387,0.03656521034722322,1613.3009039208425,1151.0,40.16515238234948
-0.08643202,-0.06806626108228912,506.8106382629666,603.0,15.951801283090115
-0.0055650244,-0.04496332669730555,930.3458473665722,724.0,28.500807647316606
-0.07484524,0.045539077422382127,567.4955754406249,1198.0,52.62975163266904
-0.10605553,-0.16945186569738227,404.0338768474696,72.0,461.15816228815225
-0.060748458,-0.026251859178889114,641.3264813576338,822.0,21.9797467934752
0.45119587,0.28516042166332733,3322.599004791696,2453.0,35.45042824262928
0.16252534,0.07570654546227802,1810.7073577187807,1356.0,33.53299098221097
-0.1322904,-0.16544226551486446,266.6306087204674,93.0,186.69957926931983
-0.078055955,-0.1536043983093357,550.6796756324043,155.0,255.2772100854221
-0.12612242,-0.17556173264217131,298.93496155334276,40.0,647.337403883357
-0.030012019,-0.0951787956497905,802.3064265264836,461.0,74.03610119880338
0.064152844,-0.041717459882886374,1295.4882994789682,741.0,74.82973002415225
-0.061924025,0.025300143167768425,635.1695289087942,1092.0,41.8342922244694
-0.0016987958,-0.04782732682767542,950.5949488762902,709.0,34.07545118142317
0.1260021,0.03503774361102596,1619.4194588261748,1143.0,41.681492460732706
0.024818292,-0.13432013076484528,1089.4763376840424,256.0,325.57669440782905
0.08264887,-0.05718306058688364,1392.3599557482635,660.0,110.9636296588278
-0.059331346,-0.11503586322035488,648.748504092787,357.0,81.72227005400197
0.124669775,-0.023578792390543907,1612.4414857316115,836.0,92.87577580521669
0.28195646,0.2215796187691164,2436.2194965156305,2120.0,14.916013986586343
-0.068871655,-0.07436706136910282,598.7818080421514,570.0,5.049440007394982
-0.021093193,-0.12725559710993295,849.0181503270053,293.0,189.7672868010257
-0.0153544,-0.029306792651283636,879.0746811112183,806.0,9.066337606850905
-0.14332032,0.1562804157966835,208.8621288641375,1778.0,88.25297362968855
-0.0490271,0.0029609421508834913,702.7162710031489,975.0,27.926536307369343
-0.08706956,-0.09460599562371652,503.4715348098021,464.0,8.50679629521597
-0.04495197,-0.06462946092584529,724.0594714200457,621.0,16.595728086963884
-0.05179698,-0.11961826342894666,688.2092186077696,333.0,106.66943501734822
-0.048169572,-0.03637132630619597,707.2075153819463,769.0,8.035433630436108
0.12866828,0.30444468920781775,1633.3833654816383,2554.0,36.046070263052535
-0.013408629,-0.0014305247156836322,889.26551695474,952.0,6.589756622401266
-0.1464403,-0.14883106475871927,192.5214767006064,180.0,6.956375944781333
-0.010144362,-0.06482039426786994,906.3618866247068,620.0,46.1874010685011
-0.0561064,-0.018614525497902813,665.6389357181813,862.0,22.77970583315762
-0.027164241,-0.007922258344521989,817.2214625771007,918.0,10.978054185501009
-0.100839145,-0.12591906371576037,431.3543143812725,300.0,43.78477146042417
0.0016209115,0.006397742307327327,967.9816835066691,993.0,2.519467924806734
0.1774512,0.19255775078136844,1888.8804638911865,1968.0,4.0203016315454
0.14638984,0.22024308537494378,1726.1988129552565,2113.0,18.3057826334474
-0.06861099,-0.10758946288139323,600.1470280189237,396.0,51.55227980275852
0.47303948,0.9981055207833986,3437.003393058468,6187.0,44.44798136320563
-0.039539643,-0.06749346105621515,752.4061652500563,606.0,24.159433209580257
0.18982051,0.09670921308499035,1953.66390959741,1466.0,33.26493244184244
-0.124550894,-0.10835319624949186,307.1656935267233,392.0,21.641404712570584
-0.057976454,-0.14004813102558503,655.8446549927484,226.0,190.1967499967913
-0.021583071,-0.0600470607172535,846.4524510536451,645.0,31.232938147851947
0.11937269,0.06787827843926705,1584.6983630440786,1315.0,20.509381220082027
-0.018559566,-0.0650113276098946,862.287847736148,619.0,39.303367970298545
-0.11636377,-0.14978573146884255,350.04517469107975,175.0,100.02581410918843
-0.027854793,-0.01021345844881788,813.6047476159115,906.0,10.19815147727246
-0.06156137,-0.11789986335072473,637.0689195899065,342.0,86.27746186839371
-0.044817027,-0.05470092714056309,724.7662359606992,673.0,7.691862698469419
0.042263724,-0.0600470607172535,1180.8455654848158,645.0,83.07683185811098
0.1855299,0.10014601324143418,1931.1921374787403,1484.0,30.134241069995976
0.03464458,0.060240944758280755,1140.9408403511372,1275.0,10.514443894028453
-0.08273876,-0.07073932787063432,526.1538300455668,589.0,10.669977920956402
0.08203363,0.07303347867393281,1389.1376448232668,1342.0,3.5124921626875394
-0.1001464,-0.0825771950761631,434.98253104566174,527.0,17.460620294940846
-0.08535528,-0.12324599692741516,512.4499652904408,314.0,63.20062588867541
0.017543862,-0.08715959528475488,1051.377019000239,503.0,109.02127614318866
-0.0033338,0.017280942802732808,942.031729027566,1050.0,10.28269247356514
0.08828486,0.05222174439324514,1421.8780282975545,1233.0,15.31857488220231
-0.090237744,-0.14424866455012747,486.87841099333224,204.0000000000001,138.6658877418294
-0.015231405,-0.016896125419680896,879.7188545342035,871.0,1.0010165940532147
-0.11413954,-0.13584759750104256,361.69441967152443,248.0,45.84452406109856
-0.02329319,-0.012122791869064455,837.4958240561716,896.0,6.5294839223022745
-0.06567398,-0.04305399327705898,615.5294195362078,734.0,16.14040605773736
-0.15874358,-0.1410027977357083,128.08392106109852,221.0,42.04347463298709
-0.04083893,-0.11637239661452747,745.6012347435853,350.0,113.02892421245296
0.07192807,0.05718601128588623,1336.210494266034,1259.0,6.132684214935182
-0.056602612,-0.047445460143626106,663.0400580796107,711.0,6.745420804555454
0.01685456,-0.020714792260174045,1047.7668499617362,851.0,23.12183900842963
0.26376447,0.3187646898596671,2340.9402066669654,2629.0,10.957010016471456
-0.017689433,-0.07799479486757131,866.8451074037954,551.0,57.3221610533204
0.053128045,-0.05909239400713021,1237.746686196525,650.0,90.42256710715768
0.15656751,0.07570654546227802,1779.5036564226584,1356.0,31.231833069517585
-0.054932494,-0.06978466116051103,671.7871862847016,594.0,13.095485906515428
-0.083766334,-0.003721724819979523,520.7719694734387,940.0,44.59872665176184
-0.08704283,-0.15284066494123708,503.6115453647858,159.0,216.73682098414199
0.014067907,0.11656628065555473,1033.1719495279212,1570.0,34.192869456820304
0.004607473,-0.02892492596723432,983.6235901287243,808.0,21.73559283771341
0.12157503,0.08353481248528898,1596.2329617005148,1397.0,14.261486163243722
-0.038754728,-0.09422412893966721,756.5171022517994,465.99999999999994,62.34272580510719
-0.055639405,-0.03999905980466446,668.0847890001832,750.0,10.922028133308913
0.089524746,0.243536953101952,1428.3718567556398,2235.0,36.090744664177194
0.22088763,0.049548677604899935,2116.3757634791473,1219.0,73.61573121239928
0.12249816,0.20859615151143968,1601.06781336524,2052.0,21.97525275997856
-0.02334917,-0.029879592677357607,837.202633057044,803.0,4.25935654508642
0.047122084,-0.05603746053473569,1206.2908839554552,666.0,81.12475735066896
0.47398457,0.7922793780808178,3441.9532422442458,5109.0,32.6296096644305
0.10174265,-0.0054401248982014405,1492.362260514,931.0,60.296698229215885
0.03858504,-0.0025761247678315778,1161.5787200374514,946.0,22.788448206918748
-0.09317244,-0.11198092974796035,471.50815528502255,373.0,26.409693105904168
0.073936135,-0.00238519142580692,1346.7275970414225,947.0,42.209883531301216
-0.01704707,-0.06844812776633843,870.2094385113069,601.0,44.79358377891961
-0.019806718,0.03503774361102596,855.7559729315997,1143.0,25.130711029606328
-0.09781123,-0.11255372977403433,447.2128120249099,370.0,20.868327574299975
0.08310774,0.07074227856963693,1394.7632361441206,1330.0,4.869416251437638
-0.0036885329,-0.08677772860070555,940.173840569387,505.0,86.17303773651228
0.06926821,-0.05851959398105624,1322.2796781765198,653.0,102.49305944510259
-0.025160667,0.05413107781349172,827.7150449059964,1243.0,33.409891801609305
0.07619818,0.15608948245465884,1358.5749171548373,1777.0,23.546712596801502
0.12679987,-0.026824659204963085,1623.59768908379,819.0,98.24147607860685
-0.06904175,-0.11140812972188638,597.890938206511,376.0,59.013547395348674
-0.060295522,-0.07016652784456034,643.6987003260197,592.0,8.732888568584404
-0.11387868,-0.1396662643415357,363.0606542175358,228.0,59.23712904277886
0.06717013,-0.02338785904851925,1311.291112880141,837.0,56.66560488412677
-0.07634098,-0.10071586256850557,559.6617351491672,432.0,29.55132758082573
0.14808422,0.222343352137215,1735.0730159575337,2124.0,18.311063278835512
0.10605288,0.0209086763012013,1514.9368163009603,1069.0,41.715324256404145
-0.056341898,-0.14787639804859598,664.4055316986928,185.0,259.13812524253666
-0.04140676,0.03312841019077938,742.6272591507839,1133.0,34.45478736533241
0.15545137,0.1963764176218616,1773.6579425988327,1988.0,10.78179363184946
0.050954986,9.694202051362813e-05,1226.3654435827548,960.0,27.746400373203624
-0.008837132,-0.0004758580055603445,913.2084144699774,957.0,4.575923252875929
-0.0028285063,-0.09441506228169186,944.678169476952,465.0,103.1565955864413
-0.058240015,-0.07933132826174391,654.4642750102315,544.0,20.305932906292558
-0.0018526982,0.027782276614088972,949.7888961754275,1105.0,14.04625373978032
-0.07216469,-0.09746999575408638,581.5347553292443,449.0,29.517762879564422
-0.06632412,-0.11026252966973844,612.1243300606136,382.0,60.24197122005591
-0.060156908,-0.08754146196880419,644.4246831493735,501.0,28.627681267340026
-0.039996203,-0.08410466181236036,750.0149621303328,519.0,44.51155339698128
-0.047285907,-0.05050039361602062,711.8356485642228,695.0,2.4223954768665847
-0.09022024,-0.15379533165136036,486.9700734218876,154.0,216.2143333908361
0.050548635,-0.08887799536297679,1224.2372090054046,494.0,147.8212973695151
-0.035114363,-0.10109772925255488,775.5832580993085,430.0,80.36819955797873
-0.07508781,-0.12591906371576037,566.2251396439126,300.0,88.74171321463753
-0.06897837,-0.13393826408079598,598.222897457137,258.0,131.86934009966552
-0.051638097,0.0069705423334013,689.0413604932287,996.0,30.819140512728044
-0.0706041,-0.11732706332465077,589.7082421844083,345.0,70.92992527084297
-0.038639583,-0.003721724819979523,757.1201661096577,940.0,19.45530147769599
0.037771594,-0.04992759358994665,1157.31834869337,698.0,65.8049210162421
-0.026529929,-0.08945079538905076,820.5436305283524,491.0,67.11682902817768
-0.06766744,-0.0676843943982398,605.0887996726833,605.0,0.014677631848480664
-0.06562674,-0.08334092844426172,615.7768183429515,523.0,17.73935341165421
-0.010482498,-0.04305399327705898,904.5909218738539,734.0,23.241270010061836
-0.072868906,-0.05699212724485898,577.8464839702845,661.0,12.579957039291308
-0.08353966,-0.08849612867892748,521.9591715706583,496.0,5.233703945697243
-0.08625801,-0.12400973029551378,507.7219945928562,310.0,63.781288578340714
0.117922105,0.3357577572998616,1577.1010344509923,2718.0,41.975679380022356
0.039563872,-0.024151592416617882,1166.7052798693396,833.0,40.060657847459744
-0.04672263,-0.1018614626206535,714.7857817799074,426.0,67.79008961969659
-0.07942433,-0.10968972964366447,543.5129146155971,385.0,41.1721856144408
-0.064355835,-0.07093026121265898,622.4330949449603,588.0,5.8559685280544755
-0.09793565,-0.12477346366361242,446.5611854202074,306.0,45.93502791510045
0.1370343,0.026063876535867055,1677.1998013382226,1096.0,53.02917895421739
0.017605772,0.0020062754407602036,1051.701271426838,970.0,8.422811487302893
0.106953435,0.06119561146840404,1519.6533926055529,1280.0,18.72292129730882
0.15942553,0.22482548558353557,1794.4722987998944,2137.0,16.02843711745932
-0.017808974,0.12649481444083693,866.2190206285903,1622.0,46.59562141623981
0.27093711,0.21126921829978487,2378.506427748508,2066.0,15.12615816788519
-0.068084545,-0.02243319233839596,602.9042369916209,842.0,28.39617137866735
0.16555384,0.024727343141694454,1826.568899070135,1089.0,67.72900817907576
-0.07661352,-0.09556066233383981,558.2343142736645,459.0,21.619676312345206
-0.11725959,-0.14673079799644803,345.3533772890553,191.0,80.8132865387724
0.09687821,-0.031407059413554865,1466.885100178013,795.0,84.51384907899536
-0.07578807,-0.105489196119122,562.5575498886709,407.0,38.22052822817467
0.27489597,0.018999342880954725,2399.2406329796877,1059.0,126.55718913878071
-0.033454884,-0.11255372977403433,784.2746630400413,370.0,111.96612514595712
-0.021072654,-0.11923639674489735,849.1257239327609,335.0,153.470365353063
-0.09924013,-0.14157559776178227,439.72903714280517,218.0,101.71056749669962
-0.052757476,-0.08047692831389186,683.1786916565434,538.0,26.984886925008063
-0.08273881,-0.08181346170806446,526.15355689231,531.0,0.9127011502241041
-0.06303322,-0.119427330086922,629.3601834899978,334.0,88.43119266167598
-0.079765275,-0.07379426134302884,541.7272337330417,573.0,5.457725351999711
0.12693687,-0.03159799275557953,1624.3152236671344,794.0,104.57370575152827
-0.08047024,-0.09823372912218502,538.0350211628072,445.0,20.90674632872072
0.1999883,0.11026548036874104,2006.9170100336223,1537.0,30.573650620274712
-0.012939777,-0.022242258996371306,891.7210964437735,843.0,5.779489495109548
-0.073081926,-0.14997666481086722,576.7308090044152,174.0,231.45448793357195
0.038222652,-0.003339858135930208,1159.6807341445162,942.0,23.10835818943909
0.073191784,-0.06787532774026446,1342.829114740518,604.0,122.32270111597981
0.085756615,0.20363188461879858,1408.6365339621614,2026.0,30.472036823190457
-0.084620476,-0.058137727297006926,516.2984605453771,655.0,21.175807550324105
0.05357366,0.3573332249486479,1240.0805661542443,2831.0,56.19637703446683
0.101052545,0.09518174634879309,1488.7478966219128,1458.0,2.108909233327352
-0.047565576,-0.0663478610040672,710.3709032472926,612.0,16.073677001191605
-0.048933893,-0.06310199418964803,703.204434894689,629.0,11.797207455435457
0.09940754,0.015180676040461576,1480.1322917099021,1039.0,42.45739092491839
0.07087055,-0.08009506162984255,1330.671804702691,540.0,146.4207045745724
-0.03416768,-0.03789879304239323,780.5414384594144,761.0,2.5678631352712737
0.30978522,0.3321300238013931,2581.9706403412256,2699.0,4.336026663904202
-0.017961735,-0.047445460143626106,865.4189449843682,711.0,21.71855766306163
0.018809892,0.00849800906959856,1058.007765528224,1004.0,5.379259514763336
-0.0027412307,-0.011931858527039797,945.1352695021525,897.0,5.366250780619006
-0.031212682,-0.10644386282924528,796.0180385838248,402.0,98.0144374586629
-0.0038475702,0.03580147697912459,939.3408938573682,1147.0,18.104542819758656
-0.046895757,-0.06482039426786994,713.8790300334872,620.0,15.141779037659225
-0.028595997,-0.029879592677357607,809.7227423096675,803.0,0.8372032764218585
-0.07748771,-0.15150413154706446,553.655836451259,166.0,233.52761232003556
-0.025293631,-0.10663479617126995,827.0186504336224,401.0,106.2390649460405
-0.110367626,-0.17040653240750556,381.44956558705735,67.0,469.3277098314288
0.04815513,0.04076574387176569,1211.7013865976382,1173.0,3.2993509460902173
-0.07557453,-0.05050039361602062,563.6759563871067,695.0,18.895545843581772
-0.072583824,-0.12859213050410556,579.3395786930662,286.0,102.56628625631686
-0.07692869,-0.08906892870500145,556.5836491436855,493.0,12.897291915554876
0.124384716,-0.05546466050866172,1610.9485080745112,669.0,140.79947803804353
-0.0972009,-0.11255372977403433,450.4093684999932,370.0,21.73226175675492
-0.01558497,-0.10472546275102337,877.8670851967473,411.0,113.59296476806504
-0.07807916,-0.03656225964822062,550.5581614550856,768.0,28.312739393869062
-0.08105275,-0.12305506358539049,534.9841724392036,315.0,69.83624521879479
-0.0037460355,-0.10835319624949186,939.8726744707124,392.0,139.76343736497765
-0.070829324,-0.10606199614519597,588.5286493564813,404.0,45.675408256554775
0.35712558,0.32105588996396295,2829.9124757592126,2641.0,7.153066102204188
0.05315153,0.05966814473220679,1237.8696832058083,1272.0,2.6832010058326796
-0.041181717,-0.08715959528475488,743.8059154532594,503.0,47.87393945392832
-0.09810088,-0.04840012685374939,445.6957968812238,706.0,36.87028372787198
-0.022475393,-0.036944126332269935,841.7789744307636,766.0,9.892816505321617
-0.12237638,-0.14214839778785626,318.5545454097861,214.9999999999999,48.16490484176106
0.04291423,0.12172148089022049,1184.2525475222596,1597.0,25.84517548389107
0.012471886,0.03866547710949445,1024.812903812226,1162.0,11.806118432682783
-0.01340971,-0.11026252966973844,889.2598587801378,382.0,132.79053894768006
-0.07140814,-0.14520333126025076,585.4971554922066,199.0000000000001,194.21967612673683
-0.018153643,-0.008876925054645277,864.4138385546044,913.0,5.321594900919567
-0.08399655,-0.08544119520653295,519.5662319766602,512.0,1.4777796829414491
0.05891654,-0.005058258214152126,1268.0635174011222,933.0,35.91248846743004
0.1493837,0.07837961225062323,1741.878902500403,1370.0,27.14444543798562
0.02301268,15.968616068910721,1080.0195670736298,84594.0,98.72329057962311
0.0052230265,0.021863343011324587,986.8475082679722,1074.0,8.114757144509104
-0.057661638,-0.01174092518501514,657.4934860937185,898.0,26.782462573082572
-0.068099275,-0.11026252966973844,602.8270907075622,382.0,57.80813892868121
0.048337005,-0.02816119259913569,1212.6539500473893,812.0,49.34161946396421
-0.075208545,-0.13584759750104256,565.5927898547512,248.0,128.0616088123997
-0.1303707,-0.12916493053017952,276.6848337915035,283.0000000000001,2.2315074941684214
0.043103512,0.053176411103368425,1185.243898734456,1238.0,4.261397517410661
-0.122097716,-0.10930786295961514,320.01404228199897,387.0,17.30903300206745
-0.046683393,-0.006012924924275413,714.9912710727012,928.0,22.95352682406237
0.048840873,0.1629630827675465,1215.2929226818478,1813.0,32.96784761821027
0.13430311,0.03045534340243418,1662.8953896373891,1119.0,48.60548611594184
-0.06274883,-0.1144630631942809,630.8496881985491,360.0,75.23602449959697
-0.08594395,-0.14787639804859598,509.36684546065794,185.0,175.33342997873402
0.020893894,-0.07303052797493022,1068.922579445305,577.0,85.25521307544281
-0.02414795,-0.05202786035221788,833.019076310924,687.0,21.254596260687627
-0.049030773,-0.13603853084306722,702.6970332095015,246.9999999999999,184.4927259957497
-0.056613557,0.03236467682268075,662.9827349176065,1129.0,41.276994249990565
-0.055591837,-0.12610999705778503,668.3339242812013,298.9999999999999,123.52305159906408
-0.09259952,-0.09556066233383981,474.5087828312951,459.0,3.3788197889531792
0.030016007,-0.061765460795475416,1116.699005862909,636.0,75.58160469542594
-0.084161036,0.18052895023381502,518.7047456270575,1905.0,72.77140442902585
-0.095372595,-0.061001727427376785,459.98499004347207,640.0,28.12734530570749
-0.056028772,-0.019378258866001443,666.0455048297686,858.0,22.37231878440926
-0.10474081,-0.13393826408079598,410.9196021850704,258.0,59.27116363762419
-0.014974225,-0.09384226225561788,881.0658171424104,468.0,88.26192673983128
-0.050892398,-0.0991883958323083,692.9469057569124,440.0,57.48793312657101
0.0019522039,-0.1297377305562535,969.7168042091909,280.0,246.327430074711
-0.0021957327,-0.05832866063903158,947.992276968264,654.0,44.95294754866423
-0.08479392,-0.024342525758642538,515.3900698794168,832.0,38.05407813949317
-0.045169152,0.06577801167699583,722.9220027264846,1304.0,44.56119610993216
0.04232475,-0.03598945962214665,1181.1651938169985,771.0,53.19911722658864
0.14320262,0.48697696418339037,1709.505949178213,3510.0,51.29612680403951
-0.09990674,-0.10892599627556583,436.23770928189504,389.0,12.143369995345768
-0.09226435,-0.13584759750104256,476.2642217461491,248.0,92.04202489764076
-0.085252404,-0.14749453136454665,512.988779600144,187.0,174.3255505883123
0.08029307,0.06959667851748898,1380.0215841231666,1324.0,4.231237471538261
0.05250763,-0.006776658292374044,1234.4973135881723,924.0,33.603605366685315
-0.035431977,-0.01651425873563158,773.9197742772135,873.0,11.349395844534536
-0.014056214,-0.057373993928908296,885.8738363774057,659.0,34.42698579323304
-0.08337229,-0.1671606655930864,522.8357593931648,83.99999999999989,522.4235230871019
-0.07320512,-0.035416659596072673,576.0855819902972,774.0,25.570338244147646
-0.086569786,-0.06882999445038775,506.08908442455987,599.0,15.511004269689504
-0.14718762,-0.15169506488908913,188.60742466407248,165.0,14.307530099437868
-0.060388107,-0.105489196119122,643.2137947626125,407.0,58.03778741096129
-0.013399369,-0.07837666155162062,889.3140162910069,549.0,61.98798110947301
-0.038912453,-0.12362786361146447,755.6910282708275,312.0,142.2086629073165
-0.039231006,0.14711561537949994,754.0226276901126,1730.0,56.41487701213222
0.13696632,0.08716254598375747,1676.8437655791167,1416.0,18.42116988553084
0.026416998,-0.0699755945025357,1097.8494507924554,593.0,85.13481463616449
-0.08126514,-0.040380926488713775,533.871814334308,748.0,28.626762789531007
-0.05773502,0.021863343011324587,657.1091594616018,1074.0,38.816651819217704
-0.04564479,-0.10854412959151652,720.4308840476654,391.0,84.25342303009344
0.10178854,0.07990707898682048,1492.6026353798582,1378.0,8.316591827275628
-0.034820173,0.08964467943007802,777.1240570872708,1429.0,45.61763071467664
-0.061657026,-0.1108353296958124,636.5679174953035,379.0,67.95987269005369
-0.03552079,-0.04534519338135487,773.4546333030202,722.0,7.126680512883679
0.32884607,0.33556682395783693,2681.800507358224,2717.0,1.2955278852328314
-0.07529805,-0.01651425873563158,565.1240198444339,873.0,35.26643529846118
0.26534912,0.04210227726593829,2349.2396952172357,1180.0,99.08810976417251
-0.08271726,-0.14081186439368365,526.2664082092033,222.0,137.05694063477625
-0.015233534,-0.020141992234100074,879.7077040280478,854.0,3.010269792511455
0.19047353,0.06310494488865062,1957.0840225021202,1290.0,51.711939728846524
-0.09123192,-0.1419574644458316,481.6714855711462,216.0,122.9960581347899
-0.08262778,-0.0825771950761631,526.7350611538393,527.0,0.050273025836945574
-0.075067036,-0.14615799797037407,566.3339326838498,193.9999999999999,191.9247075689949
-0.11957625,-0.05011852693197131,333.2200266940265,697.0,52.192248680914425
0.014686922,-0.07952226160376857,1036.4139957757113,543.0,90.86813918521386
-0.049033202,-0.14291213115595489,702.6843120721201,211.0,233.02574031854033
-0.09096276,-0.1383297309473631,483.0811905068599,235.0,105.5664640454723
-0.07047782,-0.044772393355280896,590.3696242625629,725.0,18.56970699826719
-0.051276416,-0.0335073261758261,690.9356393062521,784.0,11.870454170120901
-0.042384952,-0.1369931975531905,737.5040552017632,242.0,204.75374181891038
-0.0545295,-0.04820919351172473,673.8978414988914,707.0,4.6820591939333305
-0.008044105,-0.06424759424179596,917.3618365586041,623.0,47.249090940385884
0.031895764,-0.03675319299024528,1126.5441028495536,767.0,46.87667573005914
0.34289455,0.14768841540557393,2755.3784733595685,1733.0,58.99471860124458
-0.08662172,-0.15074039817896584,505.817101824717,170.0,197.5394716615982
-0.044736743,-0.06749346105621515,725.186716377429,606.0,19.667774979773757
0.016325595,-0.006394791608324729,1044.996432077985,926.0,12.85058661749298
0.039157804,0.10090974660953282,1164.578528123954,1488.0,21.735313970164388
0.13117833,-0.0018123913997329475,1646.5296073742456,950.0,73.31890603939428
-0.15033765,-0.1522678649151631,172.10935818091923,162.0000000000001,6.240344556122907
-0.04874651,-0.07704012815744803,704.1858355239643,556.0,26.65212869136049
-0.0393678,-0.12248226355931652,753.3061857197947,318.0,136.8887376477342
0.096004955,0.04191134392391363,1462.3115000923337,1179.0,24.029813409018978
0.09565889,0.11981214746997391,1460.499011168732,1587.0,7.971076800962063
0.19861847,0.11752094736567803,1999.7426007256286,1575.0,26.96778417305578
0.053812776,-0.06291106084762337,1241.3329153031766,630.0,97.0369706830439
0.08722088,0.0012425420726615735,1416.3055067522796,966.0,46.61547688946994
-0.066463806,-0.08525026186450829,611.3927475954982,513.0,19.179872825633186
-0.07588929,-0.12954679721422885,562.027437461287,281.0,100.00976422109859
0.032229647,-0.01651425873563158,1128.2927909767786,873.0,29.243160478439705
-0.08787684,-0.13813879760533845,499.24347359379385,235.9999999999999,111.54384474313308
-0.0030224507,0.017090009460708152,943.662399095271,1049.0,10.041716006170546
-0.101881824,-0.1274465304519576,425.89335643039533,292.0,45.85388918849155
0.13544159,0.0636777449147246,1668.8580910988517,1293.0,29.068684539741042
-0.040841863,-0.10491639609304802,745.5858796283719,410.0,81.85021454350534
-0.043466736,-0.15284066494123708,731.838290841234,159.0,360.2756546171283
0.12164939,0.032173743480656096,1596.622439222614,1128.0,41.544542484274295
-0.014461801,-0.1041526627249494,883.7496015441708,414.0,113.46608732950985
0.11230739,0.06864201180736569,1547.6943694085235,1319.0,17.338466217477137
-0.0665164,-0.05317346040436583,611.1172920471064,681.0,10.261777966651044
-0.06399742,-0.1495947981268179,624.3102821684959,176.0,254.72175123209993
-0.0550469,-0.07112119455468364,671.1879855943304,587.0,14.342075910448104
0.104331985,0.21203295166788352,1505.9237343786199,2070.0,27.25006114112947
0.08817801,-0.007349458318448017,1421.3184153184516,921.0,54.32338928539105
0.026142707,-0.07933132826174391,1096.4128695273814,544.0,101.54648336900394
0.08080106,0.07647027883037665,1382.6821748867947,1360.0,1.667806976970195
-0.10441172,-0.1463489313123987,412.64319923457697,193.0,113.80476644278599
-0.085069016,-0.09097826212524802,513.9492644943381,483.0,6.4077152162190645
0.13487019,-0.054319060456513774,1665.8654240189157,675.0,146.79487763243196
0.0144796595,-0.0132683919212124,1035.3284749782824,890.0,16.329042132391283
0.09892488,0.07780681222454926,1477.6044144071157,1367.0,8.091032509664641
0.08229413,0.18091081691786434,1390.5020063183752,1907.0,27.08432059159019
0.09484197,0.028355076640162947,1456.2204556221361,1108.0,31.427838955066434
-0.05297084,-0.07627639478934939,682.0612021726122,560.0,21.79664324510932
-0.09043297,-0.11503586322035488,485.8559203098769,357.0,36.0940953248955
-0.04149956,-0.06787532774026446,742.1412414634032,604.0,22.871066467450856
0.054527402,0.006397742307327327,1245.0757197587334,993.0,25.38526885787849
0.08471256,0.027591343272064316,1403.1683569609297,1104.0,27.098583058055226
-0.072045885,-0.1077803962234179,582.1569984479092,395.0,47.3815185944074
0.1447785,-0.030643326045456238,1717.7595479813651,799.0,114.98867934685421
0.12730409,0.173846283262952,1626.2385347691513,1870.0,13.035372472237897
0.21540745,0.15475294906048626,2087.673677751279,1770.0,17.947665409676766
0.014844959,-0.017850792129804182,1037.2417037984865,866.0,19.77386879890144
-0.07276345,-0.06367479421572199,578.3987998552451,626.0,7.604025582229217
-0.012467578,-0.08505932852248364,894.1942065186004,514.0,73.96774445887166
0.08853078,0.24563721986422324,1423.1660239464804,2246.0,36.635528764626876
0.07171221,0.06520521165092186,1335.079951958624,1301.0,2.619519750855031
-0.069645025,-0.08945079538905076,594.7313354648641,491.0,21.12654490119431
-0.10847498,-0.13432013076484528,391.36218020546346,256.0,52.875851642759166
0.109264255,0.11484788057733282,1531.756150035836,1561.0,1.8734048663782144
-0.022190148,0.02167240966929993,843.272927635209,1073.0,21.409792391872408
0.033866134,0.10301001337180404,1136.8637743532195,1499.0,24.158520723601104
-0.093488924,-0.13947533099951104,469.85058327983944,229.0,105.17492719643644
0.17932566,-0.005058258214152126,1898.697826066807,933.0,103.50459014649593
-0.049742352,-0.09212386217739597,698.9701887085122,477.0,46.53463075650151
-0.0041617267,-0.05985612737522884,937.6955210717368,646.0,45.15410542906143
0.09006437,0.005634008939228697,1431.1980954584835,989.0,44.711637558997325
-0.061973237,-0.0650113276098946,634.9117893001912,619.0,2.570563699546241
-0.07888232,-0.05851959398105624,546.3516403244595,653.0,16.332061206055208
0.04885633,0.012698542594141026,1215.3738736005528,1026.0,18.457492553660117
-0.047877844,-0.060619860743327474,708.735417634005,642.0,10.394924865109811
0.08414336,0.008307075727573903,1400.1872403615612,1003.0,39.59992426336602
-0.055102512,-0.06672972768811651,670.8967261789462,610.0,9.983069865401017
0.22997409,0.18052895023381502,2163.965460379406,1905.0,13.593987421491132
0.18197417,0.18186548362798763,1912.5692508339453,1912.0,0.029772533156132926
-0.041958526,-0.048781993537798704,739.7374342719796,704.0,5.076340095451651
0.00059699436,0.1940852175175657,962.6189890864304,1976.0,51.284464115059194
-0.03854345,-0.08601399523260693,757.6236460945175,509.0,48.84551003821563
0.07425262,-0.04209932656693569,1348.3851690466056,739.0,82.46078065583296
0.04412984,-0.06195639413750008,1190.6192231393711,635.0,87.49909025816868
-0.09674243,-0.08314999510223707,452.8105807354785,524.0,13.58576703521403
-0.06636769,-0.12362786361146447,611.8961300256235,312.0,96.12055449539216
0.026051486,0.10129161329358213,1095.9351049705413,1490.0,26.447308391238845
-0.07640666,-0.11713612998262611,559.3177571552483,346.0,61.652530969724936
-0.0067073386,-0.07684919481542336,924.3630569464035,557.0,65.95387018786418
-0.068612196,-0.16563319885688912,600.1407064721268,92.0,552.3268548610074
0.10347063,-0.0258699924948398,1501.412452257352,824.0,82.21024906035825
0.035848767,-0.07971319494579322,1147.2476758940938,542.0,111.66931289558929
-0.10273671,-0.15665933178173022,421.415945312953,139.0,203.1769390740669
-0.065310396,-0.15455906501945899,617.4336489321522,150.0,311.62243262143477
0.042158503,0.00047880870456294325,1180.29447878951,962.0,22.691733761903336
-0.01407539,0.031791876796606784,885.773403778217,1126.0,21.33451120974982
0.06692865,-0.05985612737522884,1310.0263742799248,646.0,102.79046041484902
0.11080642,0.1005278799254835,1539.8331357476125,1486.0,3.6226874661919553
0.06482298,0.14978868216784516,1298.9980846956496,1744.0,25.51616486836872
-0.09712016,-0.05126412698411925,450.83224876319224,691.0,34.7565486594512
-0.04224872,-0.11427212985225625,738.2175705300455,361.0,104.49240180887686
-0.041328073,-0.07818572820959598,743.0393888822388,550.0,35.098070705861595
0.12676051,-0.07245772794885624,1623.3915754406953,580.0,179.89509921391297
-0.057023987,-0.14042999770963432,660.8331358533962,224.0,195.01479279169476
0.1222418,0.1881662839148013,1599.7251480430887,1945.0,17.751920409095696
-0.07022564,-0.0825771950761631,591.6903983022878,527.0,12.27521789417226
0.06635425,-0.07054839452860967,1307.0180203986783,590.0,121.5284780336743
-0.07118939,-0.1234369302694398,586.6428382944143,313.0,87.42582693112278
0.091801524,-0.0753217280792261,1440.2963231531135,565.0,154.91970321294045
-0.094089426,-0.11045346301176309,466.7054966826891,381.0,22.494881019078505
-0.054043215,-0.12114573016514392,676.4447224639625,325.0,108.13683768121925
0.3784031,0.34053109085047806,2941.3519805344404,2743.0,7.231205998339059
-0.05322563,-0.0865867952586809,680.7267704700544,506.0,34.530982306334856
-0.1487339,-0.13145613063447542,180.5088988669139,271.0,33.391550233611106
0.26377147,0.215660685166352,2340.976887247145,2089.0,12.062081725569412
-0.043303356,-0.1284011971620809,732.6939824396062,287.0,155.29407053644815
-0.15944603,-0.028543059283185006,124.40485886907732,810.0,84.64137544826205
0.036618855,-0.0676843943982398,1151.2809593271586,605.0,90.29437344250555
-0.11206522,-0.14501239791822612,372.5585441485488,200.0,86.27927207427439
-0.028697912,-0.10281612933077679,809.1889715797391,421.0,92.20640655100692
-0.06318847,-0.10396172938292474,628.5470842887171,415.0,51.45712874426918
-0.14922759,-0.10873506293354118,177.92323013939745,390.0,54.37865893861604
0.16850792,0.11522974726138213,1842.0406897461335,1563.0,17.852891218562604
-0.09289388,-0.12248226355931652,472.96706682882837,318.0,48.731782021644136
-0.011884298,0.09460894632271911,897.2490940082131,1455.0,38.33339560081009
-0.04519419,-0.14749453136454665,722.7908696523423,187.0,286.5191816322686
-0.082499616,-0.13508386413294393,527.4063157711273,251.9999999999999,109.28822054409824
-0.07035915,0.1373780149362424,590.9911649871392,1679.0,64.80100268093275
-0.041887738,0.07990707898682048,740.1081812850509,1378.0,46.29113343359572
0.07379113,-0.051836927010193226,1345.968152944128,688.0,95.6349059511814
0.036995392,0.08926281274602871,1153.2530477964356,1427.0,19.183388381469126
0.056639116,-0.09231479551942062,1256.1356756098342,476.0,163.89404949786433
0.48069322,0.30673588931211365,3477.089335866992,2566.0,35.506209503779885
-0.1679879,-0.09976119585838228,79.66742827483279,437.0,81.76946721399707
-0.12567897,-0.14329399784000418,301.2574666290169,209.0,44.142328530630095
0.06495015,0.25518388696545613,1299.664149401061,2296.0,43.394418580093166
0.094863564,0.06787827843926705,1456.3335410703921,1315.0,10.747797800029819
-0.10003485,-0.0716939945807576,435.5667668397575,584.0,25.416649513740154
-0.07696615,-0.03121612607153021,556.387447061618,796.0,30.10207951487211
0.024449384,0.06348681157269993,1087.544207634025,1292.0,15.824751731112613
-0.005119686,-0.023769725732568567,932.6782761976156,835.0,11.697997149415038
-0.026810497,-0.11866359671882337,819.074173317745,338.0,142.32963707625592
-0.013638319,0.035419610295075274,888.0625305014751,1145.0,22.439953667993446
-0.08259013,-0.1423393311298809,526.9322387832519,214.0,146.23001812301493
-0.030191083,-0.03197985943962884,801.3685938416452,792.0,1.1829032628339873
0.16243881,0.13126814799145337,1810.2541574440925,1647.0,9.912213566732998
-0.05692904,0.07207881196380952,661.3304113571406,1337.0,50.53624447590571
-0.09252813,-0.13527479747496857,474.88269061776487,251.0,89.19629108277485
0.015813082,-0.07073932787063432,1042.3121842912356,589.0,76.96301940428447
-0.039029986,0.003151875492908149,755.0754578960037,976.0,22.63571128114716
0.2195691,0.19083935070314653,2109.4700589319173,1959.0,7.680962681568007
0.1506047,0.07857054559264788,1748.2738104576847,1371.0,27.518148100487576
-0.08336509,-0.14902199810074393,522.8734545425835,179.0,192.1080751634545
-0.00998105,-0.06940279447646172,907.2172221482981,596.0,52.217654722868815
-0.091412775,-0.05699212724485898,480.7242681208469,661.0,27.273181827405917
0.07704745,0.20363188461879858,1363.0229057643485,2026.0,32.72344986355634
-0.013803742,-0.007158524976423359,887.1961420264626,922.0,3.7748219060235844
-0.08653698,-0.11274466311605899,506.2608978229972,369.0,37.19807529078515
-0.032176327,-0.09422412893966721,790.9710151269911,465.99999999999994,69.73626934055605
-0.07702315,-0.09899746249028364,556.0889295739855,441.0,26.09726294194683
-0.07024882,-0.032170792781653496,591.5690011906506,791.0,25.212515652256556
0.092324615,-0.033316392833801445,1443.0359722735968,785.0,83.82623850619068
0.08720592,-0.013841191947286374,1416.227150789513,887.0,59.66484225360913
0.06521399,0.15608948245465884,1301.0459927045956,1777.0,26.784130967664847
-0.030328808,-0.0195691922080261,800.6472643791278,857.0,6.575581752727209
0.009672094,0.1725097498687794,1010.1491882686803,1863.0,45.77835811762318
0.052604757,-0.016896125419680896,1235.0060029958556,871.0,41.791733983450705
-0.02417088,-0.006203858266300071,832.8989864327293,927.0,10.151134149651638
-0.07372297,-0.12534626368968638,573.3733652611609,303.0,89.23213374955805
0.02084063,-0.03159799275557953,1068.6436119264706,794.0,34.589875557490004
-0.10319301,-0.12782839713600694,419.02612747045964,290.0,44.491768093261946
0.13336733,0.08468041253743692,1657.9943178188714,1403.0,18.174933558009368
-0.08656789,-0.032934526149752126,506.0989959855871,787.0,35.69263075151371
-0.07420899,-0.13813879760533845,570.8278890842668,235.9999999999999,141.87622418824876
0.029550195,-0.012886525237163085,1114.2593473065492,892.0,24.91696718683287
0.03640116,-0.040380926488713775,1150.140798122925,748.0,53.76213878648729
-0.04708912,-0.07283959463290555,712.8663143344309,578.0,23.333272376199112
-0.015950702,-0.05641932721878501,875.9515882289656,664.0,31.920419914000853
0.11587253,0.03599241032114925,1566.3665407051985,1148.0,36.44307845864099
0.018059548,-0.010404391790842538,1054.0778901137508,905.0,16.472695040193454
0.16753055,0.11503881391935747,1836.9217977163787,1562.0,17.6006272545697
0.05913409,-0.04916386022184802,1269.2029176784267,702.0,80.79813642142831
-0.04591806,-0.10147959593660419,718.9996585375164,428.0,67.99057442465337
-0.027520621,-0.11599052993047816,815.3549478415218,352.0,131.63492836406868
-0.014907496,-0.04725452680160144,881.4153069788298,712.0,23.79428468803789
0.13029094,0.08754441266780678,1641.881943734118,1418.0,15.788571490417352
-0.033613473,-0.038853459752516514,783.4440625193877,756.0,3.6301669999190036
-0.052593317,0.01479880935641226,684.0384610428187,1037.0,34.036792570605726
-0.068965085,-0.12610999705778503,598.2924734937969,298.9999999999999,100.09781722200574
0.22420403,0.0816254790650424,2133.745188851037,1387.0,53.83887446654916
0.13973705,0.17594655002522325,1691.355305492284,1881.0,10.082120920133756
-0.04383204,-0.09441506228169186,729.9250278768728,465.0,56.97312427459631
-0.042649355,-0.007922258344521989,736.119265745246,918.0,19.812716149755335
-0.025576694,-0.04916386022184802,825.5361306440627,702.0,17.597739407986143
-0.05734837,-0.11980919677097132,659.1342006407765,332.0,98.53439778336642
-0.07074876,-0.07914039491971926,588.950593094229,545.0,8.064329008115417
0.054681968,-0.04076279317276309,1245.8852484567306,746.0,67.00874644192099
0.033527996,0.13031348128133008,1135.09280472463,1642.0,30.871327361471984
0.06827787,-0.05565559385068638,1317.092849029645,668.0,97.16958817809058
-0.08469956,-0.10090679591053021,515.8842431426035,431.0,19.694719986682948
-0.045453064,-0.08983266207310008,721.4350344410308,489.0,47.5327268795564
-0.029356726,-0.04629986009147816,805.7384801306991,717.0,12.376357061464315
0.018276153,-0.09937932917433295,1055.212344366015,439.0,140.36727662096013
-0.09459441,-0.1324107973445987,464.06067076415945,266.0,74.45889878351859
-0.04795643,-0.1117899964059357,708.3238342090633,374.0,89.39139952113993
0.08604424,-0.036180392964171304,1410.1429351507318,770.0,83.13544612347165
0.14849657,0.19064841736112187,1737.2326436484527,1958.0,11.275145881080045
-0.050049175,-0.0753217280792261,697.3632280995982,565.0,23.42712001762801
0.030530293,0.024536409799669794,1119.3925408603845,1088.0,2.8853438290794617
0.010595619,-0.0650113276098946,1014.9860837050937,619.0,63.97190366802806
-0.04037363,-0.09365132891359323,748.0382105447459,469.0,59.49642015879443
-0.09805727,-0.1665878655670124,445.92419202568294,87.0,412.5565425582563
-0.077818245,-0.08410466181236036,551.9246691543536,519.0,6.343866889085479
-0.08245904,-0.0398081264626398,527.6188290048066,751.0,29.74449680362096
0.1883567,0.2849694883213027,1945.9972781209203,2452.0,20.636326340908635
0.09145102,0.08124361238099309,1438.4605771808021,1385.0,3.8599694715380615
-0.04267839,-0.14253026447190556,735.9671974250757,213.0,245.52450583336886
-0.056098957,-0.10319799601482611,665.6779185900957,419.0,58.87301159668156
-0.06644952,-0.12152759684919323,611.4675525659284,323.0,89.30883980369299
-0.036842518,-0.05680119390283432,766.532168852399,662.0,15.790357832688665
-0.12094039,-0.13126519729245076,326.0754691347962,272.0,19.88068718191037
0.05407577,-0.07341239465897953,1242.710329621764,575.0,116.12353558639374
0.15172255,0.002197208782784861,1754.1284993170862,971.0,80.6517507020686
-0.0872856,-0.13985719768356036,502.3400559769406,227.0,121.29517884446723
-0.06605524,-0.1041526627249494,613.5325911862565,414.0,48.196278064313155
-0.059232537,-0.09632439570193843,649.266012448471,455.0,42.69582691175186
0.004402693,-0.07837666155162062,982.5510684996702,549.0,78.97105072853738
-0.06859117,-0.10396172938292474,600.2508262564535,415.0,44.63875331480806
0.019288333,-0.06825719442431377,1060.5135661945885,602.0,76.16504421837018
-0.047097206,-0.15016759815289188,712.823956068702,172.9999999999999,312.0369688258396
0.045226175,0.015944409408560206,1196.361197258508,1043.0,14.703854003692033
-0.09686525,-0.12630093039980966,452.16730481605094,298.0,51.73399490471509
-0.0318859,0.011362009199968423,792.4921080585802,1019.0,22.22844866942294
-0.039104596,-0.0802859949718672,754.6846926514088,539.0,40.01571292233929
-0.051982597,0.08773534600983145,687.2370661673269,1419.0,51.568917112943836
-0.028129546,0.10301001337180404,812.1657469934214,1499.0,45.81949653145955
0.0014596141,-0.06405666089977131,967.1368997470504,624.0,54.98988777997602
0.20331566,0.27580468790411916,2024.3437975894096,2404.0,15.792687288294108
-0.07964522,-0.11007159632771378,542.3560325298664,383.0,41.60731919839854
0.3579186,0.3833001594640013,2834.065810048578,2967.0,4.480424332707179
-0.06996942,-0.1234369302694398,593.0323222084567,313.0,89.46719559375612
-0.07581811,-0.13279266402864803,562.4002526347302,264.0,113.0303987252766
0.12587266,-0.18262626629708364,1618.7414924431519,3.0,53858.04974810506
0.1505425,0.09976414655738487,1747.948055688174,1482.0,17.9452129344247
0.076231286,0.010025475805795821,1358.748291429027,1012.0,34.263665160971044
-0.014972742,-0.0726486612908809,881.073587377015,579.0,52.171604037481
-0.044457503,-0.04629986009147816,726.6492179354651,717.0,1.345776560036976
-0.06734274,-0.14825826473264528,606.7893738048431,183.0000000000001,231.57889278953152
-0.05679605,-0.10720759619734392,662.0269326506694,398.0,66.33842528911292
0.42658406,0.2498377533887657,3193.6964220994396,2268.0,40.81553889327335
-0.083460815,-0.05221879369424254,522.3721012509362,686.0,23.85246337449909
0.1480044,-0.04840012685374939,1734.6549353872729,706.0,145.70183220782903
0.03369476,0.0027700088088588337,1135.966212262791,974.0,16.62897456496828
-0.051367458,-0.1721249324857275,690.4588112748634,58.0,1090.4462263359712
-0.044710882,-0.05011852693197131,725.3221613708372,697.0,4.0634377863468
0.08261261,0.016517209434634177,1392.170036191099,1046.0,33.09464973146261
-0.032759685,-0.06692066103014117,787.9157179074934,609.0,29.378607209769037
-0.1355739,-0.1356566641590179,249.4335040316348,249.0,0.174098004672615
-0.06077722,-0.04763639348565076,641.1758373365874,710.0,9.693544037100366
0.14868557,0.1207668141800972,1738.2225510505782,1592.0,9.184833608704661
-0.035029568,0.007925209043524587,776.0273662727392,1001.0,22.47478858414194
0.16736145,0.5222996324579521,1836.0361568145086,3695.0,50.31025286022981
-0.014766817,-0.024533459100667197,882.1521037445053,831.0,6.155487815223264
-0.024495084,-0.011549991842990482,831.200987745561,899.0,7.5416031428742
0.18682106,0.201722551198552,1937.9544755881197,2016.0,3.871305774398822
0.065245576,-0.017659858787779523,1301.2114065124483,867.0,50.08205380766416
-0.023040362,-0.06558412763596858,838.8199930006579,616.0,36.17207678582108
-0.040973663,-0.12000013011299597,744.8955823269055,331.0,125.04398257610436
0.12947513,0.019954009591078015,1637.6092024496995,1064.0,53.91063932797928
-0.027596889,-0.011549991842990482,814.9555002255545,899.0,9.348665158447776
0.014353637,-0.019187325523976784,1034.6684391554643,859.0,20.4503421601239
-0.019132506,-0.05317346040436583,859.2871128796676,681.0,26.18019278702901
0.047473706,-0.09746999575408638,1208.1324832118376,449.0,169.07182254161194
-0.032674365,-0.07226679460683158,788.3625771244376,581.0,35.690632895772396
0.006975863,-0.06042892740130282,996.0278672935948,643.0,54.903245302269795
-0.071750365,-0.09136012880929734,583.7047628439162,481.0,21.35234154759173
-0.041660417,0.010216409147820479,741.2987587760849,1013.0,26.821445333061707
0.0123077305,-0.011931858527039797,1023.9531490591609,897.0,14.153082392325626
-0.058381937,-0.03999905980466446,653.7209664660268,750.0,12.837204471196431
-0.02933617,-0.11713612998262611,805.8461415357159,346.0,132.90350911436877
-0.07140917,-0.14443959789215213,585.4917314489672,203.0,188.4195721423484
-0.10084854,-0.12019106345502063,431.30510777318045,330.0,30.69851750702438
-0.06439045,-0.14329399784000418,622.2517992263276,209.0,197.7281336011137
-0.14146526,-0.1635329320946179,218.57787802828148,103.0,112.21153206629269
0.21037911,0.19962228443628077,2061.3381137953,2005.0,2.8098809872967663
-0.020057883,-0.10434359606697405,854.4405156249061,413.0,106.88632339586104
-0.098754056,-0.09594252901788912,442.2748254948498,457.0,3.222138841389545
-0.054614447,-0.07474892805315213,673.4529333766376,568.0,18.565657284619295
-0.093852125,-0.15150413154706446,467.9483440004791,166.0,181.89659277137295
0.010744987,-0.000666791347585002,1015.7683897544231,956.0,6.251923614479401
-0.047787733,-0.07455799471112748,709.2073679286677,569.0,24.64101369572368
-0.055530928,-0.0726486612908809,668.6529282630831,579.0,15.484098145610215
-0.083509,-0.1117899964059357,522.1197466636788,374.0,39.60421033788204
0.059559118,0.022054276353349247,1271.428980143554,1075.0,18.272463269167822
-0.005772651,0.007543342359475273,929.258416935215,999.0,6.981139445924425
0.049532987,0.028164143298138287,1218.9178224852633,1107.0,10.110011064612763
-0.051960584,-0.1041526627249494,687.352356352583,414.0,66.02713921559976
0.08636164,0.01880840953893007,1411.8053068488532,1058.0,33.440955278719585
-0.08003197,-0.09594252901788912,540.3304450441785,457.0,18.23423305124257
-0.08666418,-0.0627201275055987,505.59471605190424,631.0,19.87405450841454
-0.026814055,-0.0676843943982398,819.0555403634517,605.0,35.38108105181019
0.08559641,-0.05947426069117953,1407.7974852014981,648.0,117.25269833356452
-0.065813355,-0.0928875955454946,614.7994369687385,473.0,29.97873931685804
-0.036698397,-0.08486839518045898,767.2869888552772,515.0,48.98776482626741
0.14381929,0.14673374869545064,1712.735713284927,1728.0,0.8833499256407994
-0.08519621,-0.08353186178628638,513.2830827232451,522.0,1.6699075242825447
-0.059892796,-0.05317346040436583,645.8079507520322,681.0,5.167701798526845
0.035237353,-0.0258699924948398,1144.0454417334615,824.0,38.84046622978902
0.044039823,-0.010022525106793223,1190.147760618381,907.0,31.21805519497034
-0.09473733,-0.07303052797493022,463.31215279713126,577.0,19.703266412975516
0.21583562,-0.0016214580577082899,2089.9161879446465,951.0,119.75985151889029
0.06930344,0.05623134457576295,1322.4641736904448,1254.0,5.459662973719681
-0.052437417,-0.05279159372031651,684.8549746598076,683.0,0.271592190308575
-0.09419075,-0.07073932787063432,466.17483794879195,589.0,20.8531684297467
-0.05680853,-0.07341239465897953,661.9615709785407,575.0,15.123751474528827
0.021281881,0.04362974400213555,1070.9546348098918,1188.0,9.852303467180827
0.21766923,0.08277107911719035,2099.5196320984105,1393.0,50.71928442917519
0.0007884817,-0.04687266011755213,963.6218904743354,714.0,34.96104908604137
-0.08310171,-0.09804279578016036,524.2528784887021,446.0,17.545488450381637
0.108512804,-0.06825719442431377,1527.8204798701322,602.0,153.79077738706513
0.010505223,0.0016244087567108885,1014.5126408229928,968.0,4.805024878408347
-0.1279154,-0.12057293013906994,289.5443428084084,328.0,11.724285729143787
-0.13769168,-0.1324107973445987,238.34176484802742,266.0,10.397832763899464
-0.05481474,-0.11522679656237954,672.4039078053927,356.0,88.87750219252604
-0.07486432,-0.12954679721422885,567.3956403705822,281.0,101.92015671550969
-0.12010325,-0.16696973225106174,330.4599301011875,85.0,288.7763883543383
-0.039520714,-0.08124066168199048,752.505300371276,534.0,40.918595575145325
-0.10347395,-0.1274465304519576,417.5547289206353,292.0,42.998194835834
-0.04299376,-0.0991883958323083,734.3154591930169,440.0,66.88987708932201
-0.106773995,-0.10147959593660419,400.27095660565465,428.0,6.478748456622746
-0.01078445,-0.05011852693197131,903.009471828017,697.0,29.556595671164565
0.114457466,0.215660685166352,1558.9552294798955,2089.0,25.373134060320947
-0.1067082,-0.10587106280317131,400.6155589498745,405.0,1.0825780370680183
-0.091863655,-0.10109772925255488,478.3628191951521,430.0,11.247167254686534
0.21333028,0.07188787862178486,2076.794685932714,1336.0,55.44870403687978
-0.0673033,-0.07207586126480693,606.9959557106635,582.0,4.294837750973102
0.011176233,-0.041144659856812406,1018.0270111121966,744.0,36.831587515080194
-0.074433126,-0.08200439505008912,569.6539934528358,530.0,7.481885557138837
-0.013711204,-0.03045239270343158,887.6808037030335,800.0,10.960100462879183
-0.0070796073,-0.08085879499794117,922.4133255834104,536.0,72.09203835511387
0.124026395,0.27427722116792186,1609.0718281355953,2396.0,32.8434128490987
-0.11026803,-0.13221986400257404,381.97121026348486,267.0000000000001,43.06037837583697
-0.08650481,-0.10930786295961514,506.42939436046083,387.0,30.860308620274118
0.2479095,0.14024201506661227,2257.900914249106,1694.0,33.28812953064379
-0.0034128048,-0.0398081264626398,941.6179469627951,751.0,25.381883750039304
-0.042929415,-0.09613346235991378,734.652471778891,456.0,61.10799819712523
-0.07260384,-0.13412919742282065,579.2347658862974,256.9999999999999,125.38317738766445
0.16956006,0.07016947854356295,1847.551205502147,1327.0,39.22767185396737
-0.031931687,-0.11751799666667542,792.2522990101821,344.0,130.30590087505294
-0.10311959,-0.14997666481086722,419.4106492120453,174.0,141.04060299542834
-0.07979782,-0.06940279447646172,541.5567861008876,596.0,9.134767432736975
-0.03328953,0.04229321060796295,785.1406954402728,1181.0,33.51899276542991
0.016201233,-0.02663372586293843,1044.3450981374858,820.0,27.359158309449487
-0.04372484,-0.1041526627249494,730.4864943959316,414.0,76.44601313911392
0.13169625,0.011743875884017738,1649.2421753004262,1021.0,61.532044593577496
0.16137698,-0.04381772664515761,1804.6929132261284,730.0,147.21820729125048
-0.091100976,-0.07627639478934939,482.35729535482466,560.0,13.864768686638454
0.05594286,-0.07627639478934939,1252.4890796334612,560.0,123.65876422026092
-0.07331991,-0.12859213050410556,575.4843716723949,286.0,101.21831177356464
0.1671173,0.11427508055125885,1834.7574093544151,1558.0,17.76363346305617
-0.012149709,-0.1217185301912179,895.8590219628217,322.0,178.21708756609368
-0.06899938,-0.09861559580623433,598.112855716598,443.0,35.01418864934492
0.03850045,-0.07188492792278227,1161.1356849661004,583.0,99.16564064598634
-0.0021629352,0.06119561146840404,948.1640513448075,1280.0,25.924683488686917
0.015338448,-0.030834259387480894,1039.8263189348702,798.0,30.304049991838365
0.039283276,0.15742601584883145,1165.2356763266303,1784.0,34.684098860614895
-0.08368413,-0.1410027977357083,521.2024980278242,221.0,135.8382344017304
-0.017027792,-0.03789879304239323,870.3104076615355,761.0,14.364048312948155
-0.08402048,-0.13852066428938775,519.4408936537485,234.0,121.98328788621731
0.11936237,-0.031407059413554865,1584.6443177211543,795.0,99.32632927310117
0.2377238,0.06596894501902048,2204.554005180179,1305.0,68.93134139311718
-0.07156848,-0.13164706397650008,584.657365315561,270.0,116.53976493168928
-0.044781208,-0.08372279512831103,724.9538337151819,521.0,39.14660915838424
-0.084997386,-0.15971426525412474,514.3244209814097,123.0,318.14993575724367
-0.03947125,-0.08200439505008912,752.7643667242684,530.0,42.031012589484604
0.4277512,0.22043401871696844,3199.8092798082757,2114.0,51.362785232179554
0.48697683,0.46024629629993835,3509.9993084917696,3370.0,4.154282151091087
-0.0020798468,0.012507609252116369,948.5992210656877,1025.0,7.453734530176806
-0.08930803,-0.12515533034766171,491.74771899029,304.0000000000001,61.75911808891114
0.072832055,-0.084295595154385,1340.9450596636723,518.0,158.86970263777457
0.0044364873,-0.09785186243813569,982.728064493379,447.0,119.84967885757918
-0.07668942,-0.14424866455012747,557.8367982414409,204.0000000000001,173.44941090266695
-0.042727605,-0.0587105273230809,735.7094383055259,652.0,12.838870905755497
-0.06326311,-0.01976012555005076,628.156162956547,856.0,26.61727068264638
-0.022475097,-0.12076386348109461,841.7805255510424,327.0,157.4252371715726
-0.028687505,-0.08104972833996583,809.2434754099156,535.0,51.26046269344218
0.33367735,0.28477855497927806,2707.1040202667646,2451.0,10.448960435200512
-0.06412378,-0.11713612998262611,623.6484708495093,346.0,80.24522278887551
-0.055889152,-0.06558412763596858,666.7767556087866,616.0,8.242979806621205
0.030080708,-0.01727799210373021,1117.037871988739,869.0,28.54290816901484
0.15335658,0.08448947919541226,1762.686624979517,1402.0,25.726578101249437
0.22673038,0.3006260223673246,2146.976732603509,2534.0,15.273214972237218
-0.100960135,-0.09899746249028364,430.7206378477217,441.0,2.330921122965597
-0.06595387,-0.11064439635378776,614.0634840515165,380.0,61.5956536977675
0.09895558,-0.0739851946850535,1477.765184609605,572.0,158.35055674993094
0.20549896,0.06558707833497117,2035.7786953071661,1303.0,56.23781237967507
0.16446598,0.08448947919541226,1820.8713123552052,1402.0,29.87669845614873
0.11805598,0.028355076640162947,1577.8021798389373,1108.0,42.400918758026826
-0.14119633,-0.1306923972663768,219.9864123071809,275.0,20.004940979206946
-0.034073822,-0.042481193250985004,781.0330167666627,737.0,5.974629140659802
-0.0037344422,0.0461118774484561,939.933393756912,1201.0,21.737435990265446
0.09643641,0.1270676144669109,1464.5712189408705,1625.0,9.872540372869508
0.15810741,0.09250867956044788,1787.568779478717,1444.0,23.79285176445409
-0.039733466,-0.09746999575408638,751.3910301935839,449.0,67.34766819456212
-0.071447544,-0.15074039817896584,585.2907686958551,170.0,244.28868746815007
-0.059663206,-0.08773239531082884,647.0104104097308,500.00000000000006,29.402082081946133
0.030454833,-0.08964172873107543,1118.9973271198955,490.0,128.36680145303993
-0.057498656,-0.12152759684919323,658.347090020772,323.0,103.82262848940312
0.13280478,0.3567604249225739,1655.04800874878,2828.0,41.47637875711528
0.12167098,0.024727343141694454,1596.7354856489765,1089.0,46.624011538014365
-0.024915667,-0.019951058892075414,828.9982115955636,855.0,3.0411448426241416
-0.11205407,0.10224628000370542,372.61692090168583,1495.0,75.07579124403439
0.12167957,0.243536953101952,1596.7804778925372,2235.0,28.555683315770146
-0.07779376,-0.041908393224911036,552.0528950974073,740.0,25.39825741926929
0.18406922,0.22024308537494378,1923.54189519765,2113.0,8.966308793296257
0.1155802,0.05203081105122048,1564.8354776797414,1232.0,27.015866694784208
-0.14668609,-0.15054946483694118,191.23414442387514,171.0,11.83283299641821
0.014692732,-0.041717459882886374,1036.444427975145,741.0,39.871042911625494
-0.074215196,-0.1306923972663768,570.7953838467246,275.0,107.5619577624453
-0.1020787,-0.13355639739674666,424.86224190840846,260.0,63.40855458015711
-0.103843085,-0.04649079343350281,415.62138919190977,716.0,41.952319945264
-0.068098195,-0.10033399588445624,602.8327488821644,434.0,38.90155504197337
-0.019990958,-0.10491639609304802,854.7910297860379,410.0,108.48561702098488
-0.057271264,-0.1144630631942809,659.5380382197972,360.0,83.20501061661032
0.1991441,0.14883401545772187,2002.495517290007,1739.0,15.15212865382444
-0.08714189,-0.1094987963016398,503.09274928660625,386.0,30.334909141607834
0.007125132,-0.07551266142125077,996.8096514250944,564.0,76.73929989806639
0.020490691,-0.05832866063903158,1066.8108316180887,654.0,63.1209222657628
-0.10047336,-0.12057293013906994,433.2700942577843,328.0,32.09454093225131
-0.035298556,-0.0739851946850535,774.6185588405831,572.0,35.42282497212991
-0.13201225,-0.11751799666667542,268.0873740601138,344.0,22.06762381973436
0.30467024,0.41194016076769996,2555.1813298040456,3117.0,18.024339756046018
-0.07666998,-0.10720759619734392,557.9386063623863,398.0,40.18557948803675
-0.07981568,-0.08639586191665624,541.4632506214296,507.0,6.797485329670523
-0.08335908,-0.0272065258890124,522.9049452108867,817.0,35.99694673061362
-0.06769955,-0.0902145287571494,604.9206153103701,486.99999999999994,24.213678708494896
0.0019106487,0.1347049481478972,969.4991614256271,1665.0,41.77182213659897
-0.034918666,-0.1117899964059357,776.6082071620738,374.0,107.64925325189138
0.0023801746,0.0779977455665739,971.958270566899,1368.0,28.950418818209133
0.046350114,0.11923934744389994,1202.2477474942038,1584.0,24.100520991527535
0.025877917,0.023772676431571164,1095.0260509323862,1084.0,1.0171633701463256
-0.036818266,-0.011359058500965824,766.6591851167445,900.0,14.815646098139496
-0.07304724,-0.12305506358539049,576.9124559200922,315.0,83.14681140320386
-0.020441176,-0.14386679786607817,852.4330440534186,206.0,313.8024485696207
-0.009918013,-0.0663478610040672,907.5473766363356,612.0,48.292055005937186
0.1217571,0.17804681678749446,1597.186539719505,1892.0,15.582106780153016
-0.040690836,-0.05470092714056309,746.3768729268102,673.0,10.902952886598836
-0.046379097,-0.05336439374639049,716.5850032596143,680.0,5.380147538178568
-0.110314265,-0.14348493118202885,381.7290403905114,208.0,83.52357711082277
-0.07326861,-0.06692066103014117,575.7530764331578,609.0,5.4592649535044595
0.009015465,-0.032934526149752126,1006.7101399899997,787.0,27.91742566581953
-0.06656701,-0.038853459752516514,610.8522163224675,756.0,19.1994422853879
0.09438988,0.17002761642245884,1453.8526461277506,1850.0,21.413370479581047
0.009273525,-0.039235326436565826,1008.0617120594127,754.0,33.69518727578418
-0.052450314,-0.06443852758382063,684.7874277616256,622.0,10.094441762319232
0.06793787,-0.0021942580837822625,1315.3121239276034,948.0,38.74600463371343
-0.074839614,-0.07551266142125077,567.5250369704501,564.0,0.6250065550443369
0.38023728,0.5992457692938891,2950.958390352134,4098.0,27.990278419908886
-0.08495763,-0.1383297309473631,514.5326418067701,235.0,118.95006034330645
-0.071845025,-0.11904546340287268,583.2089896830835,336.0,73.57410407234627
0.0319276,0.004870275571130067,1126.7108434017957,985.0,14.386887655004642
-0.0653329,-0.14042999770963432,617.3158028128516,224.0,175.58741197002306
-0.10074894,-0.15914146522805078,431.82675244960797,125.99999999999989,242.71964480127644
0.48608008,0.30329908915566983,3505.3026333530192,2548.0,37.57074699187674
-0.06624983,-0.05909239400713021,612.5134173637748,650.0,5.767166559419261
-0.099048115,-0.1541771983354097,440.73470939002914,151.9999999999999,189.95704565133516
-0.03727918,-0.04534519338135487,764.2451737000902,722.0,5.851132091425231
-0.041127853,0.060240944758280755,744.0880242345455,1275.0,41.64015496199643
-0.03586756,-0.050691326958045284,771.6384372995068,694.0,11.187094711744495
-0.04426542,-0.06367479421572199,727.6552413797334,626.0,16.238856450436646
-0.07683329,-0.1041526627249494,557.0832854720052,414.0,34.56118006570173
-0.077184305,-0.09937932917433295,555.244886010915,439.0,26.479472895424834
-0.026833592,-0.08143159502401515,818.9532152024132,533.0,53.64975894979609
0.025784163,0.06520521165092186,1094.5350189316512,1301.0,15.86971414822051
0.050680205,-0.05527372716663706,1224.9262966281628,670.0,82.8248203922631
-0.10721186,-0.12935586387220419,397.97767892844274,282.0,41.12683649944778
0.17327978,-0.016896125419680896,1867.03296402966,871.0,114.35510494025947
0.03782299,0.030264410060409523,1157.5875412278056,1118.0,3.540924975653449
0.021760194,-0.09613346235991378,1073.4597623485881,456.0,135.40784262030442
-0.030863717,-0.14768546470657132,797.8457167795912,186.0,328.94931009655437
-0.048566833,0.015371609382486232,705.126887515042,1040.0,32.19933773893827
-0.09756452,-0.07952226160376857,448.5049439945796,543.0,17.402404420887734
-0.053850934,-0.005821991582250756,677.4517799884168,929.0,27.077311088437376
-0.08596372,-0.07875852823566994,509.26332037638485,547.0,6.898844538138052
-0.053930294,-0.07417612802707815,677.0361382865191,571.0,18.57025188905763
0.03571283,-0.07112119455468364,1146.535721441564,587.0,95.32124726432095
0.01574177,0.08678067929970816,1041.9386862346507,1414.0,26.312681312966706
0.05206705,-0.02186039231232199,1232.1897929197205,845.0,45.821277268605975
-0.080089524,-0.06252919416357405,540.0290009145104,632.0,14.5523732730205
0.12649487,0.04687561081655473,1622.000288838859,1205.0,34.60583309866049
0.029705208,0.013844142646288972,1115.0712173181748,1032.0,8.049536561838647
-0.017872445,-0.05546466050866172,865.8865931152386,669.0,29.429984023204575
0.45006922,0.31036362281058216,3316.698270097601,2585.0,28.305542363543555
0.1280456,0.12095774752212186,1630.1221497285148,1593.0,2.3303295498126078
0.11053815,0.028164143298138287,1538.428074417262,1107.0,38.9727257829505
-0.08073257,-0.1410027977357083,536.6610993037154,221.0,142.83307660801603
-0.0050247535,0.02167240966929993,933.1754785353089,1073.0,13.031176278163196
0.122901924,0.3088361560743849,1603.182487834492,2577.0,37.78880528387691
-0.023746112,-0.024533459100667197,835.1236733761,831.0,0.4962302498315267
-0.0019871322,0.04859401089477665,949.0848070733682,1214.0,21.82167981273738
-0.12362842,-0.13279266402864803,311.99707224289955,264.0,18.180709182916495
0.42335698,0.4058302938229109,3176.794791190522,3085.0,2.975519973760847
0.19583791,0.007925209043524587,1985.1796299564223,1001.0,98.31964335228994
0.03862594,-0.04897292687982336,1161.7929307235113,703.0,65.26215230775409
-0.08560647,-0.13622946418509185,511.1343811625925,246.0000000000001,107.778203724631
-0.05015838,-0.13985719768356036,696.7912646911051,227.0,206.9565042692093
-0.05856767,0.012889475936165684,652.7482091862299,1027.0,36.44126492831256
0.067982845,-0.1828171996391083,1315.5476600786294,2.0,65677.38300393146
0.035403814,-0.08696866194273022,1144.9172688849235,504.0,127.16612477875466
-0.038205888,-0.06042892740130282,759.391611037284,643.0,18.10133919708926
-0.086249456,-0.08639586191665624,507.766791726948,507.0,0.15124097178461257
0.09760298,-0.02186039231232199,1470.68103294199,845.0,74.0450926558568
-0.14116445,-0.12610999705778503,220.15334796889226,298.9999999999999,26.370117736156406
0.32137752,0.6191028368644534,2642.6844927421957,4202.0,37.108888797187156
0.15782344,0.05222174439324514,1786.0814990181127,1233.0,44.85656926343169
-0.041302375,-0.11350839648415761,743.1739753939831,365.0,103.60930832711868
-0.026338583,-0.039235326436565826,821.5457908051337,754.0,8.958327692988558
-0.096245386,-0.12152759684919323,455.41380931520865,323.0,40.994987404089365
-0.055091355,-0.14673079799644803,670.955161464924,191.0,251.28542485074553
-0.111183286,-0.11427212985225625,377.1776047405149,361.0,4.481330953051214
0.01961971,-0.029306792651283636,1062.2491332100208,806.0,31.792696428042277
-0.025016336,-0.08143159502401515,828.4709672773746,533.0,55.43545352295959
-0.05197274,-0.14577613128632474,687.288692132835,196.0,250.65749598614028
-0.091969505,-0.1108353296958124,477.8084351498195,379.0,26.070827216311216
0.07490696,0.08391667916933829,1351.8122278484136,1399.0,3.372964413980442
0.07315899,-0.05909239400713021,1342.6573403639745,650.0,106.56266774830377
-0.04471097,-0.032552659465702814,725.3216931081115,789.0,8.070761329770406
0.31982192,0.24659188657434652,2634.537189577777,2251.0,17.03852463695145
-0.023566412,-0.03675319299024528,836.064842432859,767.0,9.004542690072881
-0.037562635,-0.10262519598875214,762.7606052611055,422.0,80.74895859267903
-0.055652466,0.005634008939228697,668.0163836203374,989.0,32.45537071584051
-0.07321913,-0.09231479551942062,576.0122208299379,476.0,21.010970762591988
-0.055699892,-0.11885453006084802,667.7679897553016,337.0,98.15073879979278
0.1332445,0.05928627804815747,1657.35100287755,1270.0,30.500078966736215
-0.06076187,16.265517415759064,641.256241948779,86149.0,99.25564284907685
0.14713408,0.16391774947766982,1730.0967099277539,1818.0,4.83516447042058
-0.08697127,-0.08677772860070555,503.9863506548132,505.0,0.20072264261125158
-0.029962316,-0.07245772794885624,802.5667415800779,580.0,38.37357613449618
-0.034588486,-0.09804279578016036,778.3375014080763,446.0,74.51513484486016
-0.06583832,-0.12324599692741516,614.6686746025873,314.0,95.75435496897686
0.12706259,0.1797652168657164,1624.9736791032535,1901.0,14.520058963532168
0.010490622,-0.061765460795475416,1014.4361725443389,636.0,59.50254285288348
-0.09170765,-0.12095479682311926,479.1798986296012,326.0,46.98769896613534
-0.084924035,-0.12591906371576037,514.7085915259511,300.0,71.56953050865036
-0.027879257,0.017471876144757464,813.4766192275924,1051.0,22.59975078709872
0.08362604,-0.0025761247678315778,1397.4777941868854,946.0,47.72492538973418
-0.046365656,-0.13279266402864803,716.6553987560442,264.0,171.4603783166834
-0.04426146,-0.0825771950761631,727.6759815162925,527.0,38.078933874059295
-0.12752612,-0.1562774650976809,291.5831587160973,141.0000000000001,106.79656646531706
0.071868934,-0.1167542632985768,1335.9007774948786,348.0,283.87953376289613
0.16121809,0.076279345488352,1803.8607323187755,1359.0,32.7344173891667
-0.07007209,-0.15150413154706446,592.4946005117802,166.0,256.9244581396266
0.03195944,0.015944409408560206,1126.877603464985,1043.0,8.041956228665867
-0.11029571,-0.16009613193817407,381.8262049060937,121.0,215.55884702982954
-0.0663262,-0.10587106280317131,612.1134429522411,405.0,51.13912171660275
0.22783022,0.06348681157269993,2152.737066523682,1292.0,66.62051598480512
0.01616536,-0.04419959332920692,1044.157217474273,728.0,43.42818921349904
0.43800634,0.3726078923106205,3253.519794883707,2911.0,11.76639625158733
-0.07285297,-0.038853459752516514,577.9299518011401,756.0,23.554239179743377
-0.05710528,-0.13164706397650008,660.4073679700555,270.0,144.5953214703909
0.26770437,0.8004895117878781,2361.575140200297,5152.0,54.16197321039796
-0.08729969,-0.1419574644458316,502.2662655757494,216.0,132.53067850729138
0.028922942,0.0033428088349328066,1110.9741525996806,977.0,13.712809887377745
-0.07542694,-0.11770893000870009,564.4489410815526,343.0,64.56237349316402
-0.035327885,-0.12267319690134118,774.4649491556073,317.0,144.3107095128099
-0.04202549,-0.08830519533690281,739.3867054904318,497.0,48.769960863265965
-0.040683307,-0.11656332995655214,746.4163045505034,349.0,113.87286663338205
-0.089432694,-0.07360332800100419,491.09480466309185,574.0,14.443413821761004
-0.0745514,-0.12477346366361242,569.0345208886313,306.0,85.95899375445467
0.14876369,0.03503774361102596,1738.6316565852628,1143.0,52.111256044204964
0.024191538,-0.024151592416617882,1086.193757444059,833.0,30.395409056909838
-0.10758887,-0.15780493183387817,396.00309305796213,133.0,197.74668650974596
0.37873602,0.3735625590207438,2943.0956348373643,2916.0,0.9292055842717519
0.17703539,0.02434547645764514,1886.7027300415407,1087.0,73.56970837548673
-0.042433385,-0.11465399653630556,737.2503933810633,359.0,105.3622265685413
0.0055400697,-0.05489186048258775,988.5079995985859,672.0,47.099404702170524
-0.018447308,0.03522867695305062,862.8757906101556,1144.0,24.5737945270843
-0.031182075,-0.08582306189058227,796.1783405235888,510.0,56.11340010266447
-0.024398375,-0.04859106019577405,831.7074919271909,705.0,17.972693890381684
-0.0766256,-0.14310306449797955,558.1710597838015,209.9999999999999,165.79574275419137
-0.06011095,-0.12190946353324254,644.6653897013292,321.0,100.83033947081907
-0.09144793,-0.077612928183522,480.54016282585997,553.0,13.103044696951184
-0.084880434,-0.17537079930014665,514.9369476485165,41.000000000000114,1155.9437747524757
0.00980062,-0.08238626173413843,1010.8223354478181,528.0,91.44362413784434
0.097227775,0.19007561733504788,1468.7159293917045,1955.0,24.873865504260635
-0.088788636,-0.14883106475871927,494.4680132514447,180.0,174.70445180635815
0.09664927,0.0025790754668341765,1465.686035425076,973.0,50.63576931398519
-0.06908766,-0.0839137284703357,597.6504852968651,520.0,14.932785634012518
-0.060288824,-0.09670626238598776,643.7337810085531,452.99999999999994,42.10458741910667
0.1407408,0.001433475414686231,1696.6123350261198,967.0,75.45112047839915
0.07051041,0.069023878491415,1328.785603421686,1321.0,0.5893719471374634
-0.07495623,-0.11732706332465077,566.9142662885647,345.0,64.32297573581586
-0.052998487,0.023963609773595823,681.916411435637,1085.0,37.15056115800581
-0.06048758,-0.15379533165136036,642.6928134583796,154.0,317.33299575219456
-0.0019055636,-0.0029579914518808926,949.5120169376287,944.0,0.5839000993250728
0.18562977,0.030073476718384864,1931.715186943345,1117.0,72.93779650343286
-0.04555352,-0.056610260560809665,720.9089022468154,663.0,8.734374396201417
-0.07521411,-0.11522679656237954,565.5636405000765,356.0,58.86619115170689
0.0058626398,-0.022242258996371306,990.1974378578001,843.0,17.461143280877828
-0.0914524,-0.12610999705778503,480.5167496895751,298.9999999999999,60.70794303999173
0.08573628,0.017471876144757464,1408.5300432139588,1051.0,34.01808213263167
-0.080838695,-0.12381879695348913,536.1052714483121,311.0,72.38111622132223
-0.002216341,-0.04267212659300967,947.8843424099906,736.0,28.78863347961829
-0.092977814,-0.10357986269887542,472.5274851950794,417.0,13.315943691865565
-0.08610141,-0.11732706332465077,508.5421567569162,345.0,47.403523697656865
0.19288515,0.01938120956500404,1969.714707133734,1061.0,85.64700349988068
0.25828475,0.28878815516179585,2312.240540296513,2472.0,6.462761314865988
0.12133278,0.10835614694849446,1594.9642038452362,1527.0,4.450831947952598
-0.013656635,-0.06081079408535213,887.9666049310212,641.0,38.528331502499405
-0.10976431,-0.08906892870500145,384.60940246006714,493.0,21.985922421893076
0.17237292,0.008688942411623218,1862.2833752029055,1005.0,85.30182837839855
0.069194585,-0.049545726905897335,1321.8940638219076,700.0,88.84200911741537
0.062476028,0.04783027752667802,1286.7060905913436,1210.0,6.3393463298631065
-0.030614821,-0.03121612607153021,799.14929191962,796.0,0.3956396883944792
0.47836018,0.3487412245575383,3464.870176127479,2786.0,24.367199430275637
-0.04488575,-0.08410466181236036,724.4062980122127,519.0,39.57732138963635
-0.036313985,-0.1005249292264809,769.3003234663094,433.0,77.66751119314304
0.038360678,0.19924041775223145,1160.4036342382592,2003.0,42.06671821077088
0.00849206,0.04095667721379034,1003.9688421945028,1174.0,14.48306284544269
-0.048410445,0.01861747619690541,705.9459570660753,1057.0,33.21230302118493
-0.01180511,-0.06023799405927816,897.6638382065532,644.0,39.38879475257038
0.042887636,-0.0371350596742946,1184.1132588723115,765.0,54.786046911413266
-0.053666618,-0.12515533034766171,678.4171231083899,304.0000000000001,123.16352733828606
-0.089177914,-0.1108353296958124,492.4291973437558,379.0,29.928548111808915
-0.05419798,-0.11503586322035488,675.6341596857794,357.0,89.2532660184256
-0.04091902,-0.05279159372031651,745.1817688960946,683.0,9.104212137056308
-0.059162017,-0.1077803962234179,649.6353546733651,395.0,64.46464675275065
-0.040201265,-0.035416659596072673,748.9409625470507,774.0,3.237601738107141
-0.03261833,-0.047445460143626106,788.6560607877688,711.0,10.92209012486199
-0.068363145,-0.056610260560809665,601.4450913164524,663.0,9.28429995226963
0.090590514,0.1243945476785657,1433.9537435554284,1611.0,10.989835905932436
-0.029075604,-0.09880652914825898,807.2108347169219,442.0,82.62688568256151
-0.12803501,-0.1329835973706727,288.91788532521207,263.0,9.854709249130064
0.010689902,-0.05603746053473569,1015.4798862602892,666.0,52.47445739643981
-0.029998127,0.004297475545056094,802.379182847489,982.0,18.291325575612117
0.17760892,0.22578015229365886,1889.7065573831055,2142.0,11.77840535092878
-0.0076308455,0.01479880935641226,919.526254186988,1037.0,11.328230068757183
-0.013339537,-0.05756492727093295,889.6273816092332,658.0,35.201729727846995
0.09644649,0.22998068581820133,1464.624015563193,2164.0,32.31866841205208
-0.0811507,-0.07188492792278227,534.4711516013076,583.0,8.323987718472107
-0.015998209,0.036183343663173904,875.7027748785714,1149.0,23.7856592794977
-0.05010046,-0.12706466376790831,697.0946208935698,293.9999999999999,137.10701390937757
0.007750379,-0.0524097270362672,1000.0843394870551,685.0,45.99771379373067
-0.08807703,-0.08754146196880419,498.1949943290623,501.0,0.5598813714446513
0.035798453,-0.09498786230776583,1146.9841610452074,462.0,148.2649699232051
0.46885586,0.2716041543795767,3415.0919753348835,2382.0,43.370779820943895
0.023579065,-0.029879592677357607,1082.9859724190324,803.0,34.86749345193429
0.1956499,0.11026548036874104,1984.194951488067,1537.0,29.095312393498183
0.484836,0.5473119002631822,3498.7869136125078,3826.0,8.55235458409546
0.18468374,0.05642227791778761,1926.7604209989472,1255.0,53.52672677282448
-0.08335617,-0.04840012685374939,522.9201637494718,706.0,25.931988137468576
-0.07597887,-0.09995212920040693,561.5582772320315,436.0,28.797770007346678
-0.049904462,-0.01976012555005076,698.1211503430342,856.0,18.44379084777638
-0.03416207,-0.10319799601482611,780.5708219454519,419.0,86.29375225428447
-0.04057835,-0.06730252771419049,746.966005968579,607.0,23.058650077195882
-0.08129965,-0.14501239791822612,533.6910649221886,200.0,166.8455324610943
-0.0002479311,-0.06424759424179596,958.1937511555851,623.0,53.80317032994946
0.45210657,0.3084542893903356,3327.3687289156555,2575.0,29.21820306468565
-0.047615126,-0.06539319429394391,710.1113881425215,617.0,15.090986732985655
-0.06984484,-0.08811426199487817,593.6848072948229,498.0,19.213816725868053
-0.05545722,-0.04687266011755213,669.0389718585272,714.0,6.297062764912151
-0.058128387,-0.077612928183522,655.0489205342124,553.0,18.453692682497714
-0.09010795,-0.14997666481086722,487.55821140536426,174.0,180.20586862377257
-0.060216103,-0.08219532839211378,644.1146542030676,529.0,21.760804197177247
0.14789848,0.09900041318928623,1734.100200144896,1478.0,17.327483095053857
0.11200438,0.1266857477828616,1546.1073489873456,1623.0,4.737686445634896
0.091518365,0.11962121412794925,1438.8132960789342,1586.0,9.280372252274011
-0.02404564,-0.020714792260174045,833.5549152012242,851.0,2.0499512101969257
-0.13340054,-0.11579959658845351,260.81626849926363,353.0,26.114371529953644
-0.025622752,-0.038089726384417884,825.2949070520141,760.0,8.591435138422906
0.16649629,0.19122121738719583,1831.5049345055047,1961.0,6.603521952804452
-0.020879919,-0.0699755945025357,850.1351617927373,593.0,43.36174735122046
-0.111329764,-0.11255372977403433,376.4104343082464,370.0,1.73254981303957
0.03027776,0.07704307885645062,1118.0699230361772,1363.0,17.969924942320088
-0.060156614,-0.12381879695348913,644.426224514179,311.0,107.21100466693858
0.1470772,0.029882543376360208,1729.7988167904223,1116.0,54.999893977636404
0.06055624,-0.03522572625404802,1276.6513387247412,775.0,64.72920499674079
0.07901778,-0.011359058500965824,1373.3423626475985,900.0,52.59359584973316
-0.073670805,-0.09193292883537131,573.6465965616056,478.0,20.00974823464553
-0.15641081,-0.12687373042588365,140.30159796864666,295.0,52.44013628181469
0.25193426,0.47895776381835475,2278.9803071529127,3468.0,34.28545827125396
0.12901568,0.24659188657434652,1635.2028783461253,2251.0,27.356602472406692
0.012516941,-0.13031053058232747,1025.0488740818207,277.0,270.05374515589193
-0.022420213,-0.0012395913736589748,842.0679803317803,953.0,11.64029587284572
0.09931577,0.05183987770919583,1479.651659043867,1231.0,20.199159954822672
-0.08404865,-0.1280193304780316,519.2933518732598,288.9999999999999,79.68628092500344
-0.0792264,-0.16181453201639598,544.5495702465047,112.0,386.2049734343792
-0.078607194,-0.12400973029551378,547.7926017971135,310.0,76.70729090229469
0.120547846,0.0012425420726615735,1590.8531692887586,966.0,64.68459309407439
0.18525289,0.3712713589164479,1929.741303466953,2904.0,33.54885318639969
-0.06694548,-0.13412919742282065,608.8700211826942,256.9999999999999,136.91440512945312
0.12303325,0.03561054363709993,1603.8702877347546,1146.0,39.9537772892456
0.015282448,0.12019401415402323,1039.5330255032713,1589.0,34.579419414520366
-0.012284411,-0.01575052536753295,895.1535305114537,877.0,2.069957869036911
-0.051971994,-0.09422412893966721,687.2925943222158,465.99999999999994,47.48768118502487
-0.019631848,0.04706654415857939,856.6718460456976,1206.0,28.96585024496703
-0.091879696,-0.12324599692741516,478.27880505778313,314.0,52.318090782733485
0.36517444,0.4535636293290753,2872.067827640171,3335.0,13.881024658465641
-0.095970176,-0.06520226095191925,456.8552000286946,618.0,26.07521035134392
-0.08091404,-0.029879592677357607,535.7106430362301,803.0,33.286345823632615
-0.09196252,-0.11923639674489735,477.8450376862116,335.0,42.64030975707808
0.009854767,-0.10319799601482611,1011.1059221833322,419.0,141.31406257358762
0.014531536,-0.09097826212524802,1035.6001746693953,483.0,114.40997405163465
0.050565455,0.04897587757882596,1224.3253009306763,1216.0,0.6846464581148314
-0.09208295,-0.1280193304780316,477.2142877946964,288.9999999999999,65.12605114003343
0.110172756,0.06386867825674925,1536.514362701122,1294.0,18.74144997690279
-0.08269461,-0.11007159632771378,526.3850347663802,383.0,37.43734589200526
-0.13350429,-0.15742306514982884,260.27292764987874,135.0,92.7947612221324
-0.032042712,-0.03637132630619597,791.6708142595999,769.0,2.9480902808322322
0.06600445,0.06749641175521774,1305.1859424843851,1313.0,0.5951300468861292
-0.0695815,-0.0951787956497905,595.0640361314724,461.0,29.08113582027602
-0.09946577,-0.15723213180780418,438.54725908882494,136.0000000000001,222.46121991825336
-0.03498393,-0.11885453006084802,776.2663948832611,337.0,130.34611124132377
-0.028450023,-0.12305506358539049,810.4872690086305,315.0,157.29754571702557
0.1756507,0.0008606753886122583,1879.4505110772934,964.0,94.96374596237483
0.01271382,0.05279454441931911,1026.0800129924912,1236.0,16.98381771905411
-0.039747536,0.03828361042544514,751.3173373471272,1160.0,35.231264021799376
-0.038003612,-0.04725452680160144,760.4510164322818,712.0,6.804918038241825
-0.06240465,-0.11350839648415761,632.6522850720703,365.0,73.32939317043022
0.019779688,-0.1094987963016398,1063.0870015583962,386.0,175.41114030010263
0.011794818,-0.03522572625404802,1021.2668038456193,775.0,31.77636178653152
-0.11908444,-0.03789879304239323,335.79586190430337,761.0,55.87439396789706
0.14367034,0.058713478022083494,1711.9555875839142,1267.0,35.11883090638628
-0.059783604,-0.08467746183843433,646.3798361167378,516.0,25.267410100142985
-0.106609195,-0.10968972964366447,401.1340818747974,385.0,4.190670616830494
0.097133055,-0.011359058500965824,1468.2198440557215,900.0,63.1355382284135
-0.09185002,-0.1356566641590179,478.43422926082104,249.0,92.14226074731768
-0.11693617,-0.14825826473264528,347.0472786773738,183.0000000000001,89.64332168162491
-0.045311995,-0.07341239465897953,722.1738749783946,575.0,25.595456517981663
-0.07653606,-0.14023906436760966,558.640024903588,225.0000000000001,148.28445551270565
-0.061938517,-0.10930786295961514,635.0936313253374,387.0,64.10688147941534
0.33998293,0.39628362672167805,2740.1290294344885,3035.0,9.715682720445189
-0.0757997,-0.047445460143626106,562.4966367124364,711.0,20.886548985592633
0.46906567,0.2691220209332561,3416.1908318645214,2369.0,44.20391860973075
-0.08369408,-0.17556173264217131,521.1504037995903,40.0,1202.876009498976
-0.050835766,-0.07493986139517679,693.2435111717483,567.0,22.265169518826863
-0.037096336,-0.038853459752516514,765.2028099960362,756.0,1.2173029095285972
-0.12246785,-0.15513186504553297,318.0754736195032,146.9999999999999,116.37787321054658
-0.051961817,-0.09231479551942062,687.3458982291578,476.0,44.40039878763819
-0.026868304,-0.061765460795475416,818.771412199161,636.0,28.73764342754103
-0.06565548,-0.07417612802707815,615.6263108985333,571.0,7.815466006748398
-0.08314198,-0.13508386413294393,524.041965152669,251.9999999999999,107.95316077486876
0.016402196,-0.11408119651023159,1045.3976259237002,362.0,188.78387456455806
-0.034599826,-0.0726486612908809,778.2781100857003,579.0,34.4176355933852
-0.08626066,-0.1068257295132946,507.70810279866055,400.0,26.927025699665137
-0.025753418,-0.04820919351172473,824.6105508338799,707.0,16.635155704933506
0.116433114,0.020526809617151986,1569.3025479953246,1067.0,47.076152576881405
-0.05319117,-0.09880652914825898,680.9072467289171,442.0,54.051413287085325
-0.036409672,-0.08773239531082884,768.799165284131,500.00000000000006,53.75983305682619
-0.053913485,-0.07875852823566994,677.1241716789502,547.0,23.788696833446114
-0.070143186,-0.14119373107773295,592.1222536010627,220.0000000000001,169.1464789095738
-0.03638999,-0.09746999575408638,768.9022416166254,449.0,71.2477152820992
-0.03545403,-0.10090679591053021,773.8042694715413,431.0,79.53695347367547
0.20607309,0.04152947723986432,2038.7856444002355,1177.0,73.21883129993503
0.07556394,0.026063876535867055,1355.2531004006298,1096.0,23.654479963561116
0.15271735,0.1104564137107657,1759.3387025783522,1538.0,14.391333067513148
0.16545695,0.021863343011324587,1826.0614583630536,1074.0,70.02434435410181
-0.04557028,0.08047987901289445,720.8211224966939,1381.0,47.80440821892151
-0.052053213,-0.07360332800100419,686.8672166578131,574.0,19.663278163382067
0.27204326,0.18988468399302325,2384.2997741908434,1954.0,22.021482814270392
0.092553705,0.029500676692310893,1444.2358174644103,1114.0,29.644148784956037
0.036630586,-0.05279159372031651,1151.3423992989597,683.0,68.57136153718297
-0.08343746,-0.09804279578016036,522.4944348880249,446.0,17.151218584758947
-0.052449886,-0.10453452940899871,684.7896715205195,412.0,66.21108532051444
-0.073661394,-0.07093026121265898,573.6958812134853,588.0,2.4326732630126977
0.37454715,0.26759455419705885,2921.1567457005385,2361.0,23.725402189772915
-0.0032151584,-0.05336439374639049,942.6531063479621,680.0,38.625456815876774
-0.05859708,-0.08906892870500145,652.5941702604223,493.0,32.372042649172876
-0.057487387,-0.05718306058688364,658.4061106351569,660.0,0.24149838861259207
0.1257,0.049548677604899935,1617.8371990760415,1219.0,32.71839204889594
-0.08434058,-0.1715521324596535,517.7643960300684,61.0,748.7940918525711
-0.081800915,-0.08563212854855762,531.0657109286692,511.0,3.9267536063931905
0.045912113,-0.07646732813137405,1199.9537479119563,559.0,114.66077780178108
-0.076645814,0.04821214421072733,558.0651933859,1212.0,53.955017047367996
-0.09319729,-0.13508386413294393,471.3779782472785,251.9999999999999,87.05475327272966
0.037290607,0.015371609382486232,1154.7992122947965,1040.0,11.038385797576582
-0.09055437,-0.07417612802707815,485.22009757216676,571.0,15.022749987361337
-0.08418803,-0.1117899964059357,518.5633693057905,374.0,38.6533073010135
0.08346113,0.600964169372111,1396.6140835893355,4107.0,65.99430037522923
-0.09294057,-0.05202786035221788,472.72255564222644,687.0,31.19031213359149
-0.06808215,-0.08085879499794117,602.9168020414272,536.0,12.484477992803585
-0.040688172,-0.14711266468049736,746.3908232538466,188.9999999999999,294.91577949939
-0.13439496,-0.13985719768356036,255.60809437647572,227.0,12.602684747346132
0.45239344,0.10606494684419857,3328.871227914845,1515.0,119.72747378975875
0.14914528,0.037328943715321854,1740.6302018985416,1155.0,50.70391358428932
0.082141496,-0.06844812776633843,1389.7026038018212,601.0,131.2317144428987
-0.020207087,-0.07856759489364529,853.6590729349773,548.0,55.77720309032432
0.41263738,0.41785909437046437,3120.6516512550897,3148.0,0.8687531367506434
-0.07684961,-0.12821026382005624,556.9978275245653,288.0000000000001,93.40202344602955
0.07907131,0.049548677604899935,1373.6227349546102,1219.0,12.684391710796572
-0.07233638,-0.0839137284703357,580.635534808329,520.0,11.6606797708325
0.012004522,-0.0335073261758261,1022.3651140687439,784.0,30.403713529176514
0.07626536,0.15036148219391912,1358.9267385494118,1747.0,22.21369556099532
0.17494465,0.041720410581888974,1875.7526403324568,1178.0,59.23197286353623
-0.033951018,-0.01498679199943432,781.6761951313558,881.0,11.273984661594119
0.32371196,0.570796701332215,2654.9109885977446,3949.0,32.77004333761093
-0.07993777,-0.15035853149491651,540.8237988475951,172.0,214.43244119046224
0.17378072,0.04267507729201226,1869.6566400817455,1183.0,58.043672027197424
-0.04573474,-0.05126412698411925,719.9597727237194,691.0,4.190994605458672
0.006125754,-0.029306792651283636,991.5754814044252,806.0,23.024253275983277
-0.06686234,-0.061001727427376785,609.3054664956996,640.0,4.79602086004693
-0.07594531,-0.024533459100667197,561.7340318417434,831.0,32.402643581017635
-0.03622764,-0.031407059413554865,769.752548193652,795.0,3.1757801014274154
0.003803974,-0.08582306189058227,979.4153203294819,510.0,92.04221967244743
-0.061416842,-0.13546573081699323,637.8258662859973,250.0,155.13034651439895
-0.026756965,-0.09766092909611104,819.3545456247567,448.0,82.8916396483832
-0.0039338283,0.01804467617083144,938.8891227595409,1054.0,10.921335601561585
-0.088681586,-0.14348493118202885,495.0286798216804,208.0,137.9945576065771
0.0071826177,-0.14997666481086722,997.110729724508,174.0,473.0521435198322
-0.055342376,-0.005821991582250756,669.6404553296863,929.0,27.918142590991778
-0.085996106,-0.1549409317035083,509.0936922040008,148.0,243.9822244621627
-0.05286972,-0.05641932721878501,682.5908268263233,664.0,2.79982331721737
-0.07304354,-0.11503586322035488,576.9318498013149,357.0,61.605560168435545
0.08069528,0.06081374478435473,1382.1281420385064,1278.0,8.147741943545105
0.24252272,0.32124682330598764,2229.6880069820163,2642.0,15.606055753897943
-0.040047154,-0.05298252706234117,749.7481109095257,682.0,9.933740602569756
-0.014726412,-0.08639586191665624,882.3637243523636,507.0,74.0362375448449
0.09915416,0.08773534600983145,1478.8052351452743,1419.0,4.2146043090397685
-0.1139331,0.36974389218025067,362.775638305161,2896.0,87.47321690935217
-0.039467838,0.08544414590553555,752.7822387516326,1407.0,46.497353322556314
-0.106309146,-0.1274465304519576,402.7055715822398,292.0,37.91286698021912
-0.044528376,0.14520628195925336,726.278022170615,1720.0,57.77453359473168
-0.07373455,-0.08276812841818774,573.312725238183,526.0,8.994814684065213
-0.07316208,-0.08639586191665624,576.311011470827,507.0,13.670810940991519
0.053005695,-0.05126412698411925,1237.1058881673544,691.0,79.03124286068804
0.00090835395,-0.03675319299024528,964.2497131140979,767.0,25.717042127001022
0.082960516,0.02701854324599034,1393.9921635224712,1101.0,26.611458993866595
-0.07631914,-0.05699212724485898,559.7761083199189,661.0,15.313750632387462
0.062270213,-0.037707859700368565,1285.628149796787,762.0,68.71760496020828
0.10128172,-0.04992759358994665,1489.9481710535579,698.0,113.45962336010858
0.107331,-0.08830519533690281,1521.6308660961754,497.0,206.16315213202725
-0.012053145,-0.07073932787063432,896.3647700952591,589.0,52.184171493252826
0.100862555,0.06940574517546431,1487.7528383298045,1323.0,12.452973418730497
0.16278785,0.003915608861006779,1812.0822551252172,980.0,84.90635256379767
-0.05066206,-0.0968971957280124,694.1532871149387,452.0,53.57373608737582
0.11562787,-0.0272065258890124,1565.085139756326,817.0,91.56488858706561
-0.011800313,-0.05260066037829186,897.6889585506922,684.0,31.241075811504704
-0.024823278,0.023199876405497193,829.4820928342583,1081.0,23.267151449189797
-0.029732838,-0.06386572755774665,803.7686159093694,625.0,28.6029785454991
0.051190168,0.16219934939944788,1227.5971891717563,1809.0,32.13945886281059
0.05577256,-0.035416659596072673,1251.5971562066882,774.0,61.705058941432576
-0.07135119,-0.07608546144732474,585.7953998265823,561.0,4.41985736659221
-0.043846138,0.003915608861006779,729.8511984537878,980.0,25.5253879128788
0.048646156,0.003724675518982122,1214.2731049981185,979.0,24.031982124424765
-0.088081084,-0.12916493053017952,498.17376641883067,283.0000000000001,76.03313301018744
-0.06406765,-0.09231479551942062,623.94246179746,476.0,31.08034911711346
0.16971235,0.059859078074231444,1848.348813011586,1273.0,45.19629324521492
0.3061433,0.14348788188103145,2562.896426472645,1711.0,49.78938787099036
-0.058221612,-0.06482039426786994,654.5606590879377,620.0,5.574299852893172
0.3430694,0.20783241814334105,2756.294239163458,2048.0,34.584679646653214
-0.017100487,0.026827609903965686,869.9296710436493,1100.0,20.915484450577342
0.029534588,-0.010022525106793223,1114.1776061944945,907.0,22.842073450330155
-0.11752171,-0.13393826408079598,343.9805480429902,258.0,33.32579381511248
0.19594225,0.1967582843059109,1985.7260925573119,1990.0,0.21476921822553477
-0.011868774,-0.05527372716663706,897.3304010016991,670.0,33.92991059726852
-0.0152287735,-0.09231479551942062,879.7326390181912,476.0,84.81778130634268
-0.086520545,-0.13432013076484528,506.346980120738,256.0,97.79178910966328
-0.073477216,-0.06844812776633843,574.6605024284231,601.0,4.382611908748234
-0.11209308,-0.1324107973445987,372.41260226570625,266.0,40.00473769387453
0.03888409,0.10472841345002597,1163.1449613001766,1508.0,22.868371266566538
-0.106851615,-0.10854412959151652,399.8644265159612,391.0,2.26711675600031
-0.015304329,-0.06023799405927816,879.3369228708194,644.0,36.54300044577941
0.07125736,0.14253321517090817,1332.6977043635293,1706.0,21.881728935314815
-0.025409805,-0.018232658813853497,826.4102015544186,864.0,4.35067111638674
-0.055982854,-0.10625292948722063,666.2859967613083,403.0,65.3315128439971
-0.075939976,-0.07226679460683158,561.7619715177101,581.0,3.3111925098605686
-0.07874588,-0.039235326436565826,547.0662482657683,754.0,27.444794659712425
0.07904111,-0.10033399588445624,1373.464540197112,434.0,216.46648391638524
0.007842522,-0.04992759358994665,1000.566933003254,698.0,43.347698138002
-0.05753061,-0.05947426069117953,658.1797251182288,648.0,1.5709452342945704
-0.0058181123,0.05642227791778761,929.0203175335395,1255.0,25.974476690554628
0.062072553,0.09098121282425062,1284.5929184650033,1436.0,10.5436686305708
0.011155531,-0.000666791347585002,1017.9185839025139,956.0,6.476839320346641
-0.046049573,-0.09212386217739597,718.3108635789617,477.0,50.589279576302246
-0.0014447019,-0.10147959593660419,951.9257478844213,428.0,122.41255791692087
-0.0068287435,-0.06539319429394391,923.7272073811414,617.0,49.71267542644107
0.09291237,0.10090974660953282,1446.1142924104415,1488.0,2.81489970359936
-0.08312167,-0.09250572886144529,524.1483388351901,475.0,10.34701870214528
0.26439673,0.19866761772615749,2344.2516045755256,2000.0,17.21258022877628
-0.030709876,-0.005058258214152126,798.6514505984155,933.0,14.399630160941532
-0.09504425,-0.14539426460227542,461.7046849035978,198.0,133.18418429474636
0.32731932,0.36477962528760954,2673.8042969666303,2870.0,6.83608721370626
-0.09915812,-0.14023906436760966,440.1585511279517,225.0000000000001,95.62602272353399
-0.14726317,-0.12649186374183433,188.21174266085768,297.0,36.62904287513209
-0.04915079,-0.021669458970297335,702.0684490330927,846.0,17.013185693487856
0.00076189055,-0.0524097270362672,963.4826213353341,685.0,40.65439727523126
-0.007959352,-0.013841191947286374,917.8057252338821,887.0,3.4730242653756562
0.2766509,0.45012682917263147,2408.432005934838,3317.0,27.39125698116256
-0.06674725,0.13585054820004513,609.9082376893543,1671.0,63.50040468645396
0.15202877,-0.01708705876170555,1755.7322991526016,870.0,101.80831024742547
-0.08240681,-0.1289739971881549,527.8923724804018,284.0,85.87759594380347
0.035542667,-0.005249191556176784,1145.6445004088794,932.0,22.92322965760508
0.12269615,-0.18186253292898502,1602.1047421494045,7.0,22787.21060213435
-0.035747148,-0.0461089267494535,772.2690896362874,718.0,7.558369030123592
-0.060242444,-0.036180392964171304,643.9766922975089,770.0,16.366663337985862
-0.03852151,-0.06386572755774665,757.7385655717826,625.0,21.238170491485217
-0.0506057,-0.033316392833801445,694.4484682306506,785.0,11.53522697698718
-0.06776676,-0.11045346301176309,604.5685988063267,381.0,58.6794222588784
-0.073560685,-0.038089726384417884,574.2233401520903,760.0,24.444297348409176
0.011165417,-0.023005992364469936,1017.9703610778606,839.0,21.331389878171706
-0.06292139,-0.12362786361146447,629.9459021160583,312.0,101.90573785771097
0.001642086,0.06425054494079857,968.0925831191548,1296.0,25.3014982161146
-0.017793464,-0.1005249292264809,866.3002544560255,433.0,100.0693428304909
-0.015708776,-0.0902145287571494,877.2186583873371,486.99999999999994,80.12703457645527
-0.070738696,0.006397742307327327,589.0033116727639,993.0,40.684460053095286
0.17683206,0.14692468203747527,1885.6378225595158,1729.0,9.059446070533014
-0.01955196,-0.04305399327705898,857.0902485465822,734.0,16.76978863032455
-0.068100214,-0.1257281303737357,602.8221739489423,301.0,100.27314749134297
-0.008823488,-0.008113191686546646,913.2798733130136,917.0,0.40568448058739565
-0.015125843,-0.10968972964366447,880.2717313588878,385.0,128.64200814516568
-0.04488339,-0.07742199484149734,724.4186679525499,554.0,30.76149241020756
-0.05463706,-0.1631510654105686,673.3345019289297,104.99999999999989,541.270954218029
-0.088920735,-0.046681726775527475,493.7761550742259,715.0,30.940397891716653
-0.08630783,-0.10262519598875214,507.46105518896104,422.0,20.25143487890072
0.069010265,-0.010022525106793223,1320.9287011909873,907.0,45.63712251278802
-0.061993495,-0.11408119651023159,634.805688770927,362.0,75.36068750578093
-0.08183238,-0.13317453071269733,530.9009214711174,262.0000000000001,102.6339394927928
0.072371446,0.041147610555815,1338.532648144664,1175.0,13.917672182524605
0.016237017,-0.0865867952586809,1044.5325105379732,506.0,106.42934990869036
-0.04132887,0.13184094801752733,743.0352135396013,1650.0,54.96756281578175
-0.11128541,-0.11770893000870009,376.64273164208635,343.0,9.808376572036835
0.44568667,0.4554729627493219,3293.7449678093385,3345.0,1.5322879578673092
-0.01699597,-0.0537462604304398,870.4770701699902,678.0,28.388948402653412
-0.07297641,-0.1257281303737357,577.2834370645264,301.0,91.78851729718485
0.016584506,-0.012886525237163085,1046.3524623987655,892.0,17.30408771286609
0.026864817,-0.06672972768811651,1100.1948714752687,610.0,80.35981499594568
-0.036154747,-0.05011852693197131,770.1343188917242,697.0,10.492728678870042
-0.1406922,-0.1698337323814316,222.62671168602878,70.0,218.03815955146968
-0.010385239,-0.000666791347585002,905.1003136756257,956.0,5.324234971168862
-0.0380845,-0.06558412763596858,760.0273752421534,616.0,23.381067409440494
0.06317786,0.04706654415857939,1290.3818944552318,1206.0,6.9968403362547065
0.24303122,0.40258442700849173,2232.3512512344237,3068.0,27.237573297443817
-0.028675772,-0.09307852888751926,809.30492513719,472.0,71.46290786804873
-0.07542693,-0.051836927010193226,564.4490191253402,688.0,17.95799140620055
-0.08394074,-0.09746999575408638,519.8585449831772,449.0,15.781413136565087
0.026376678,0.061768411494478016,1097.6382740586391,1283.0,14.447523456068655
0.032526597,-0.06424759424179596,1129.8480475763968,623.0,81.35602689829804
-0.018986033,-0.12095479682311926,860.0542540455157,326.0,163.8203233268453
-0.11310032,-0.1738433325639494,367.13727146367455,49.0,649.2597376809684
-0.08709359,-0.12038199679704528,503.34568920227076,329.0,52.99261069977834
-0.112124555,-0.1495947981268179,372.2477737862606,176.0,111.50441692401172
0.08381438,0.13814174830434103,1398.464228640462,1683.0,16.906462944714086
0.040168528,0.005061208913154725,1169.872121172288,986.0,18.648288151347664
0.093151525,0.08754441266780678,1447.3668561797897,1418.0,2.0710053723405992
0.04143126,0.0016244087567108885,1176.4855907567892,968.0,21.53776764016417
-0.0703181,0.06749641175521774,591.2061366001285,1313.0,54.97287611575563
-0.057965744,-0.07436706136910282,655.9007489650976,570.0,15.070306835982034
0.088189796,0.02644574321991637,1421.3801479544559,1098.0,29.45174389384844
-0.017389834,-0.08200439505008912,868.4142362866623,530.0,63.85174269559667
0.08935713,-0.0537462604304398,1427.4939812106375,678.0,110.54483498681968
0.10730294,0.16391774947766982,1521.4839096440937,1818.0,16.31001597117196
-0.06887837,-0.09804279578016036,598.7466493158302,446.0,34.24812764928927
-0.077802695,-0.14673079799644803,552.0061078467313,191.0,189.00843342760803
0.042254947,-0.06558412763596858,1180.7995976939098,616.0,91.68824637888147
-0.064575724,0.005252142255179382,621.281441793,987.0,37.05355199665654
0.10985681,0.07704307885645062,1534.859600272293,1363.0,12.608921516675931
-0.002752496,-0.08887799536297679,945.0762683987145,494.0,91.31098550581265
0.0003693048,-0.017659858787779523,961.4264809262286,867.0,10.891174270614599
-0.1511278,-0.018232658813853497,167.97100829877593,864.0,80.55891107653056
0.0066777905,0.06482334496687255,994.4667330212218,1299.0,23.443669513377845
-0.027924566,-0.03789879304239323,813.2393173358715,761.0,6.864562067788638
-0.06841996,-0.08582306189058227,601.1475103542712,510.0,17.87206085377866
-0.043013304,-0.14673079799644803,734.213104765558,191.0,284.4047668929623
-0.052525297,0.010407342489845137,684.3947114223403,1014.0,32.50545252245165
-0.02287748,0.09079027948222597,839.673070132145,1435.0,41.48619720333485
-0.08874181,-0.14883106475871927,494.713265854029,180.0,174.8407032522383
-0.085694075,-0.06978466116051103,510.6755617351961,594.0,14.02768320956295
-0.021117084,0.03904734379354377,848.8930266245094,1164.0,27.071045822636652
-0.059178095,-0.04916386022184802,649.5511454265272,702.0,7.471346805338001
-0.046725944,-0.06157452745345076,714.7684170371629,637.0,12.208542705991029
-0.08566722,-0.17422519924799873,510.8161966404807,46.999999999999886,986.8429715754935
-0.008352939,-0.025679059152815143,915.7443400383619,825.0,10.999313944043864
0.15737575,0.036947077031272535,1783.7367514629677,1153.0,54.7039680366841
0.1144525,0.1658270828979164,1558.9292408986194,1828.0,14.719406953029576
0.11210579,0.23074441918629995,1546.6384759839684,2168.0,28.66058690110847
-0.01728941,0.019954009591078015,868.9402026378291,1064.0,18.332687722008544
-0.0076767616,0.07207881196380952,919.2857720109217,1337.0,31.242649812197325
0.024172148,0.06730547841319309,1086.0922029654232,1312.0,17.21858209105006
-0.08765739,-0.1671606655930864,500.3928244540195,83.99999999999989,495.70574339764306
-0.028529309,-0.11331746314213295,810.072017525671,366.0,121.33115232941829
-0.076697394,-0.09785186243813569,557.7950448150661,447.0,24.78636349330339
0.09106991,0.010407342489845137,1436.4645292687271,1014.0,41.66316856693562
-0.045279328,-0.08143159502401515,722.3449664717964,533.0,35.52438395343272
-0.020668814,-0.08505932852248364,851.2408081318979,514.0,65.6110521657389
-0.11631178,-0.13145613063447542,350.317469466073,271.0,29.26843891737012
0.046992887,-0.09059639544119871,1205.6142248058748,485.0,148.58025253729377
-0.058042478,-0.07035746118658501,655.4988624807673,591.0,10.913513110112918
-0.08829334,-0.12992866389827817,497.06211070802374,279.0,78.15846261936335
0.022168115,0.006015875623278012,1075.5962207900584,991.0,8.536450130177437
-0.07702314,-0.03579852628012199,556.0889685958794,772.0,27.967750181880913
-0.08594037,-0.1635329320946179,509.38561499157964,103.0,394.54914076852396
-0.010061749,-0.05450999379853843,906.7945662609885,674.0,34.539253154449334
-0.08599114,-0.09632439570193843,509.11971980717084,455.0,11.89444391366392
-0.051213365,-0.1329835973706727,691.2658620826037,263.0,162.83873082988734
0.029903097,0.03312841019077938,1116.107648573193,1133.0,1.4909401082795193
-0.073540896,-0.12553719703171104,574.3269823020447,302.0,90.17449745100818
0.06127612,0.006779608991376643,1280.421653615433,995.0,28.68559332818421
-0.06875552,-0.13890253097343708,599.3900423009392,232.0,158.3577768538531
-0.09225806,-0.13661133086914118,476.2971562245232,244.0,95.2037525510341
9.673275e-05,-0.10472546275102337,959.9989039631507,411.0,133.576375660134
-0.019509898,-0.03274359280772747,857.3105466480762,788.0,8.795754650771089
-0.08814647,-0.08238626173413843,497.8313102787702,528.0,5.713766992657156
-0.07002891,-0.050691326958045284,592.7207714082922,694.0,14.59354878843052
-0.104516305,-0.16811533230320969,412.09544891119185,79.0,421.6398087483441
0.062012352,-0.024342525758642538,1284.2776215630333,832.0,54.3602910532492
-0.10647082,-0.11885453006084802,401.8587964866026,337.0,19.245933675549736
0.04586833,0.11389321386720953,1199.7244357529928,1556.0,22.896887162404063
-0.020492133,-0.07551266142125077,852.1661635661911,564.0,51.09329141244524
0.06745826,0.26549428743478765,1312.8001675574906,2350.0,44.13616308265998
-0.084292,-0.12916493053017952,518.0188187776976,283.0000000000001,83.04551900271991
0.46060506,0.40659402719100957,3371.878974044149,3089.0,9.15762298621395
-0.07939026,-0.1077803962234179,543.6913617359818,395.0,37.64338271797007
-0.08629892,-0.12362786361146447,507.5077253739556,312.0,62.66273249165244
0.19384408,0.9173407171069685,1974.7370589982074,5764.0,65.74016205762999
0.013813995,-0.013650258605261716,1031.842102897886,888.0,16.198435011023196
-0.063849255,-0.14539426460227542,625.0862715487649,198.0,215.70013714584087
0.064929634,-0.004294524846053496,1299.5566831055132,937.0,38.69334931755744
0.08919873,0.005252142255179382,1426.664375748276,987.0,44.54552945777871
0.36326978,0.4060212271649356,2862.092270707052,3086.0,7.255597190309391
-0.016652524,-0.048018260169700074,872.2758428979181,708.0,23.20280266919747
-0.3480684,-0.17804386608849188,-863.4915109371009,27.0,3298.116707174448
-0.0044659725,-0.028543059283185006,936.1020547214754,810.0,15.56815490388585
-0.05566097,-0.05641932721878501,667.9718401285554,664.0,0.5981686940595502
-0.090808846,-0.12782839713600694,483.8873047891489,290.0,66.85769130660307
-0.030675713,-0.09212386217739597,798.8303757369994,477.0,67.46968044800825
-0.077528246,-0.0069675916343987015,553.4435183270488,923.0,40.038622066408585
-0.08259422,-0.15723213180780418,526.9108157635512,136.0000000000001,287.43442335555204
-0.071586445,-0.08200439505008912,584.5632835295896,530.0,10.294959156526344
-0.09081059,-0.15665933178173022,483.87817366599785,139.0,248.113794004315
-0.07987726,-0.15570466507160693,541.1407346691051,144.0,275.7921768535452
-0.010589682,-0.04209932656693569,904.0295577872664,739.0,22.33146925402793
0.14130971,0.159908149295152,1699.5919687935234,1797.0,5.420591608596361
0.1269842,0.05642227791778761,1624.563090736604,1255.0,29.44725822602422
0.17396298,0.2341812193427438,1870.6111936480809,2186.0,14.42766726221039
-0.0885484,-0.14673079799644803,495.7262351953951,191.0,159.54253151591365
-0.08326454,-0.1436758645240535,523.4000940214185,207.0,152.85028696686882
0.022277681,0.023008943063472533,1076.170067004928,1080.0,0.3546234254696401
-0.00939205,-0.10587106280317131,910.3020686968821,405.0,124.76594288811904
0.1655134,0.04057481052974103,1826.3570882305444,1172.0,55.83251606062666
-0.024978569,-0.09422412893966721,828.6687692570881,465.99999999999994,77.82591614958974
-0.035598613,-0.07933132826174391,773.047030111247,544.0,42.10423347633216
-0.07888991,-0.15284066494123708,546.3119160365627,159.0,243.59240002299543
-0.12354884,-0.11198092974796035,312.41386509066456,373.0,16.242931611081886
0.0036096359,-0.02797025925711103,978.3974878846,813.0,20.3440944507503
0.122047804,0.14940681548379584,1598.7090959721118,1742.0,8.225654651428718
-0.057501826,-0.09861559580623433,658.3304862049567,443.0,48.60733322910987
-0.025934933,-0.0587105273230809,823.6598799459786,652.0,26.32820244570223
0.038426265,-0.007922258344521989,1160.7471439694525,918.0,26.443044005386984
-0.014371543,-0.003339858135930208,884.2223225212363,942.0,6.133511409635216
0.103769936,0.031791876796606784,1502.9800397754134,1126.0,33.47957724470811
-0.005116959,0.08639881261565885,932.6925582107493,1412.0,33.945286245697645
-0.007128659,-0.005058258214152126,922.1564200677876,933.0,1.1622272167430203
-0.07150908,-0.12916493053017952,584.9684868748936,283.0000000000001,106.7026455388316
-0.034513846,-0.028543059283185006,778.7284227402465,810.0,3.86068855058685
-0.08548429,-0.11980919677097132,511.77430119915255,332.0,54.1488859033592
-0.071487054,-0.000666791347585002,585.0838355929905,956.0,38.79876196726041
-0.054518633,-0.12954679721422885,673.9547549310105,281.0,139.8415497975126
0.26712862,0.1954217509117383,2358.5596843343774,1983.0,18.938965422812778
-0.040149137,-0.04840012685374939,749.2139792270796,706.0,6.120960230464527
-0.041805033,-0.1369931975531905,740.5413438172685,242.0,206.00881975920186
-0.08182798,-0.12152759684919323,530.9239443884642,323.0,64.3727382007629
-0.06265643,-0.12324599692741516,631.3335987036642,314.0,101.0616556381096
-0.078792684,-0.08162252836603981,546.8211127288655,532.0,2.78592344527547
-0.062733404,-0.0965153290439631,630.930463518732,454.0,38.97146773540353
-0.07542043,-0.0902145287571494,564.4830462167408,486.99999999999994,15.910276430542277
0.18558984,0.01479880935641226,1931.5060295925332,1037.0,86.25901924711023
-0.1275873,-0.11293559645808364,291.2627109241446,368.0,20.852524205395493
-0.044550907,-0.10167052927862885,726.1600199637392,427.0,70.06089460509114
0.031535976,-0.05565559385068638,1124.6597355975573,668.0,68.36223586789781
0.0017659587,-0.07245772794885624,968.7413580770238,580.0,67.02437208224549
0.24807808,-0.004294524846053496,2258.7838236184098,937.0,141.06550945767447
-0.1720182,-0.16849719898725898,58.55900308203286,77.0,23.949346646710573
-0.11262583,-0.11408119651023159,369.62238077084737,362.0,2.105630047195407
-0.002455533,-0.13050146392435213,946.6315908477784,276.0,242.98246045209365
0.12603249,0.19389428417554105,1619.5785901091244,1975.0,17.996020753968384
0.120666414,0.1306953479653794,1591.4741637068219,1644.0,3.195002207614243
0.039276574,-0.025297192468765828,1165.2005761331498,827.0,40.89487014911122
-0.03636333,-0.13050146392435213,769.0418814636179,276.0,178.6383628491369
-0.04258788,-0.08773239531082884,736.4412353910573,500.00000000000006,47.288247078211434
-0.054771576,-0.07704012815744803,672.6299811471704,556.0,20.97661531423928
-0.0010219044,-0.011931858527039797,954.1401202437677,897.0,6.370136036094502
-0.044329397,-0.05756492727093295,727.3201603776027,658.0,10.534978780790691
-0.033812985,-0.10587106280317131,782.3991342469927,405.0,93.18497141901055
0.07806406,-0.06539319429394391,1368.3473261087909,617.0,121.77428299980404
-0.06785588,0.011934809226042396,604.1018579344873,1022.0,40.89022916492297
0.15150271,0.2129876183780068,1752.9771193183824,2075.0,15.519174972608077
-0.11748804,-0.11789986335072473,344.1568879811093,342.0,0.6306690003243629
0.1696533,0.10186441331965611,1848.0395254812624,1493.0,23.780276321584893
0.0867433,-0.008113191686546646,1413.8042423810703,917.0,54.1771256686009
0.021692395,-0.04629986009147816,1073.1046728704073,717.0,49.66592369182807
-0.080769435,-0.15379533165136036,536.4680189731528,154.0,248.35585647607323
0.05090362,-0.077612928183522,1226.0964071358944,553.0,121.71725264663552
-0.07493579,-0.04076279317276309,567.0213423651743,746.0,23.991777162845267
-0.022225931,-0.032170792781653496,843.0855152347219,791.0,6.584768044844743
0.08271066,0.1005278799254835,1392.6835643136144,1486.0,6.2797063046019925
-0.013824265,-0.048781993537798704,887.0886513422313,704.0,26.00691070202149
0.010984687,-0.0069675916343987015,1017.0238021220193,923.0,10.186760793284868
-0.055963017,-0.029115859309258977,666.3898925535725,807.0,17.42380513586462
-0.063118726,-0.035607592938097336,628.9123682366553,773.0,18.640055855542652
0.14665385,0.15570761577060954,1727.581514740455,1775.0,2.671463958284221
0.10305452,-0.06386572755774665,1499.2331185100597,625.0,139.87729896160957
-0.098058745,-0.12114573016514392,445.91646569070895,325.0,37.20506636637199
0.071478166,0.037710810399371165,1333.8541572084282,1157.0,15.285579706865013
-0.0693495,-0.09212386217739597,596.2791388827648,477.0,25.00610878045383
-0.060871642,-0.14157559776178227,640.6813128763565,218.0,193.89051049374154
0.1085491,0.2584297537798753,1528.0105945367657,2313.0,33.938149825474895
0.010783308,0.030264410060409523,1015.9690939874886,1118.0,9.126199106664707
-0.095913984,-0.0825771950761631,457.1495031517957,527.0,13.254363728312008
-0.04717198,-0.14004813102558503,712.4323323424434,226.0,215.23554528426695
-0.09771813,-0.15780493183387817,447.7004296099367,133.0,236.61686436837343
0.01069972,-0.050309460273995965,1015.5313073608548,696.0,45.90967059782397
-0.06146216,-0.11465399653630556,637.5885156169091,359.0,77.60125783200812
-0.09473498,-0.0789494615776946,463.32444469368085,546.0,15.142043096395449
0.06576728,-0.10835319624949186,1303.9437975606836,392.0,232.63872386752132
0.15959348,-0.0010486580316343172,1795.351930330118,954.0,88.19202624005429
-0.10528784,-0.13928439765748638,408.05457571978127,230.0,77.41503292164403
0.21418019,0.12897694788715747,2081.245991403199,1635.0,27.29333280753509
0.16649744,0.40430282708671367,1831.5109438771512,3077.0,40.47738238943285
0.32459113,0.4027753603505164,2659.5155720671078,3069.0,13.342601105666088
-0.026076516,-0.048018260169700074,822.918346897942,708.0,16.23140492908785
-0.10758508,-0.11579959658845351,396.02295520191046,353.0,12.18780600620693
-0.0831198,-0.0713121278967083,524.1581333305359,586.0,10.553219568167941
0.120868005,0.24029108628753282,1592.5299790875893,2218.0,28.199730428873345
-0.11372496,-0.16009613193817407,363.8657539305858,121.0,200.71549911618663
-0.11759809,-0.10128866259457953,343.58053460956285,429.0,19.911297293808193
0.196812,0.18740255054670268,1990.2813523529014,1941.0,2.538967148526606
-0.06587918,0.1257310810727383,614.4546785369433,1618.0,62.0238146763323
-0.053694814,-0.05928332734915487,678.2694447512729,649.0,4.509929853817086
0.12977658,-0.17957133282468912,1639.1880282731777,19.0,8527.305411964093
-0.02857179,-0.062147327479524735,809.8495244426502,634.0,27.736518050891206
-0.029888522,0.006779608991376643,802.9532339273009,995.0,19.30118251986926
-0.039695684,-0.04209932656693569,751.5889102170851,739.0,1.7035061186853953
0.04888287,-0.021669458970297335,1215.5128695862975,846.0,43.67764415913682
0.08982294,-0.02797025925711103,1429.9336300115237,813.0,75.88359532737068
0.2070496,0.13718708159421775,2043.9000098903086,1678.0,21.80572168595403
-0.025989106,-0.08353186178628638,823.3761517560994,522.0,57.734894972432826
0.027313849,0.07876147893467254,1102.546642971299,1372.0,19.639457509380538
0.08990674,0.1446334819331794,1430.3725092511843,1717.0,16.6935055765181
-0.0063668424,-0.09460599562371652,926.1463818821202,464.0,99.60051333666384
0.019494582,0.00544307559720404,1061.5937800144595,988.0,7.4487631593582515
-0.07464855,-0.0892598620470261,568.5257144152665,492.00000000000006,15.554006994972857
-0.0728547,-0.0739851946850535,577.9208987217766,572.0,1.03512215415674
0.07745174,0.005252142255179382,1365.1403507880607,987.0,38.3120922784256
0.11076595,0.037328943715321854,1539.6211688204464,1155.0,33.30053409700835
-0.0029943546,-0.09269666220346995,943.8095506568216,473.99999999999994,99.11593895713537
-0.046736497,-0.08124066168199048,714.7131425245836,534.0,33.8414124577872
0.04135435,-0.04133559319883706,1176.0827872579544,743.0,58.2883966699804
0.08978122,0.04687561081655473,1429.715107406198,1205.0,18.648556631219755
-0.086900786,-0.062147327479524735,504.3554977702384,634.0,20.448659657691103
-0.07300237,-0.07188492792278227,577.1474847864988,583.0,1.003861957718901
0.025620986,-0.04458146001325624,1093.6803906798852,726.0,50.64468191182993
0.101882145,0.008688942411623218,1493.0928674317702,1005.0,48.5664544708229
-0.028910032,-0.09536972899181514,808.0780085075472,460.0,75.6691322842494
-0.09564424,-0.0879233286528535,458.5622517952265,499.0,8.103757155265235
0.03145612,0.06596894501902048,1124.2414989397214,1305.0,13.851226134887249
0.1402408,0.23551775273691639,1693.9936537764415,2193.0,22.754507351735455
-0.04920209,-0.12496439700563707,701.7997832942235,305.0,130.09828960466345
-0.06944505,-0.09708812907003707,595.7786830946752,451.0,32.10170356866413
-0.09976324,-0.105489196119122,436.98930997853404,407.0,7.368380830106644
0.21947916,0.10530121347609994,2108.9989866298647,1511.0,39.57637237788648
0.12328076,-0.016132392051582265,1605.1666340689558,875.0,83.44761532216637
-0.02092417,-0.08238626173413843,849.9034010099372,528.0,60.96655322157901
-0.013071722,-0.10128866259457953,891.0300430931146,429.0,107.69931074431575
-0.062058862,-0.03121612607153021,634.463330185601,796.0,20.293551484220984
-0.08474162,-0.17403426590597407,515.6639645520563,48.0,974.2999261501174
-0.054674428,-0.09460599562371652,673.1387876205349,464.0,45.07301457339115
0.1615208,0.015180676040461576,1805.4461138204135,1039.0,73.76767216750852
-0.09057854,-0.10396172938292474,485.09351054865306,415.0,16.890002541844108
0.007348853,-0.031407059413554865,997.9813764636823,795.0,25.532248611783935
-0.13929161,-0.1347019974488946,229.96220337166255,254.0,9.463699459975372
0.077198945,0.05126707768312185,1363.8163379311497,1228.0,11.059962372243465
-0.073143385,-0.05947426069117953,576.4089174023916,648.0,11.048006573705003
-0.054224607,-0.0965153290439631,675.494695437309,454.0,48.78737784962754
0.03149082,-0.035416659596072673,1124.423243410133,774.0,45.27432085402234
-0.07407554,-0.14291213115595489,571.5268102242648,211.0,170.86578683614445
0.0019780016,-0.07226679460683158,969.8519175165017,581.0,66.92804088063711
-0.06910661,-0.084295595154385,597.5512526209109,518.0,15.35738467585152
-0.11227329,-0.1396662643415357,371.4687797201683,228.0,62.924903386038736
-0.025007306,-0.06462946092584529,828.5182618126701,621.0,33.41678934181482
-0.050928313,-0.08219532839211378,692.7588007178102,529.0,30.95629503172216
-0.04433588,-0.04419959332920692,727.2862113299896,728.0,0.09804789423220393
0.45644987,0.3374761573780835,3350.1164638673363,2727.0,22.849888664002062
0.18038532,0.3229652233842096,1904.2477539355668,2651.0,28.168700341925053
0.025796315,0.015753476066535547,1094.5986636404523,1042.0,5.04785639543688
-0.039087757,-0.13183799731852475,754.7728821314153,269.0,180.58471454699452
0.018966805,0.014226009330338288,1058.8295861227707,1034.0,2.4013139383724087
-0.05812097,-0.11198092974796035,655.0877668294984,373.0,75.62674713927571
-0.057663444,-0.09231479551942062,657.48402328447,476.0,38.126895647997905
-0.13764656,-0.11560866324642885,238.57808143692966,354.0,32.605061740980325
-0.044186518,-0.13260173068662337,728.0684832351618,265.0,174.7428238623252
-0.06147357,-0.08143159502401515,637.5287535865419,533.0,19.611398421490044
-0.09345532,-0.12534626368968638,470.0265720209143,303.0,55.124281195021204
-0.057449248,-0.09957026251635762,658.6058637095609,438.0,50.366635550128066
-0.089681685,-0.02186039231232199,489.79073199391684,845.0,42.03659976403351
-0.041501053,-0.12324599692741516,742.1334175736947,314.0,136.3482221572276
-0.041288845,-0.10434359606697405,743.2448391531387,413.0,79.96243078768492
-0.044286177,0.05928627804815747,727.5465263835838,1270.0,42.71287193830049
-0.06605842,-0.033316392833801445,613.5159288376003,785.0,21.845104606675118
0.10805931,0.12057588083807254,1525.4453342597108,1591.0,4.120343541187255
-0.088600025,-0.1662059988829631,495.45585249319834,88.99999999999989,456.691969093482
0.036896918,-0.00944972508071925,1152.7372954259731,910.0,26.674428068788252
-0.06468529,-0.12725559710993295,620.7075858226572,293.0,111.84559243094101
0.046173397,0.042484143949987604,1201.3222067059148,1182.0,1.6347044590452473
-0.04460271,0.08926281274602871,725.888700736091,1427.0,49.13183596803847
-0.013318471,-0.0461089267494535,889.7377160139758,718.0,23.91890195180722
0.06083524,0.13756894827826707,1278.1125720712287,1680.0,23.921870710045912
-0.02904001,-0.005249191556176784,807.3972520591169,932.0,13.369393555888745
-0.08371139,-0.10968972964366447,521.0597169183801,385.0,35.34018621256626
-0.18018302,-0.14539426460227542,15.796314445844246,198.0,92.02206341118978
-0.053276625,-0.08124066168199048,680.4596851178844,534.0,27.42690732544652
-0.093491495,0.41862282773856296,469.83712072647563,3152.0,85.09399997695192
-0.023424663,0.003724675518982122,836.8072437180327,979.0,14.524285626350078
0.022890123,-0.11140812972188638,1079.3776861869057,376.0,187.06853356034728
-0.052831396,-0.12152759684919323,682.7915359371257,323.0,111.3905684015869
-0.086744405,-0.09097826212524802,505.1745282993779,483.0,4.590999647904333
-0.08354316,-0.16372386543664255,521.9408312805684,102.0,411.7066973338906
0.124078214,0.019763076249053355,1609.343225407031,1063.0,51.39635234308852
-0.007645165,0.007161475675425958,919.451256545957,997.0,7.778208972321264
0.22206311,0.08582601258958487,2122.5322476652614,1409.0,50.64103957879783
-0.063804686,-0.0902145287571494,625.3197005175253,486.99999999999994,28.402402570333763
0.033304993,-0.0014305247156836322,1133.9248404210578,952.0,19.10975214506909
0.43124264,0.16697268295006432,3218.0954075095065,1834.0,75.46866998416066
0.16911118,0.08334387914326433,1845.2002144439928,1396.0,32.17766579111696
0.11701281,-0.04018999314668911,1572.3386854649625,749.0,109.92505813951436
0.010716231,-0.08162252836603981,1015.6177798775337,532.0,90.90559772134092
0.47127214,0.306544955970089,3427.7470876720213,2565.0,33.635364041794205
-0.07568582,-0.11217186308998502,563.0930863592941,372.0,51.36910923636939
0.0330569,0.019954009591078015,1132.6254698900866,1064.0,6.449762207714907
-0.032355666,-0.10988066298568912,790.0317386320818,384.0,105.73743193543797
-0.083101034,-0.027015592546987745,524.2564294810386,818.0,35.9099719460833
0.03198653,0.06635081170306979,1127.0194870708715,1307.0,13.770505962442886
-0.0019765375,-0.010404391790842538,949.1402962063634,905.0,4.877380796283244
-0.025099725,0.010598275831869794,828.0342244864001,1015.0,18.42027344961575
0.15741919,0.31265482291487806,1783.9642491038694,2597.0,31.306728952488665
-0.00019163452,-0.11484492987833021,958.4886005851996,358.0,167.73424597351945
0.18886073,0.027782276614088972,1948.6371092370423,1105.0,76.34724970470971
-0.072728224,-0.13813879760533845,578.5832953691702,235.9999999999999,145.16241329202137
-0.035149813,-0.03427105954392473,775.3975919285692,780.0,0.5900523168500992
0.054131623,-0.01575052536753295,1243.002857248697,877.0,41.73350709791299
0.058081377,-0.005249191556176784,1263.6894167475368,932.0,35.58899321325503
-0.07248374,-0.10434359606697405,579.8637597925912,413.0,40.40284740740706
-0.059049983,-0.0892598620470261,650.2221268905585,492.00000000000006,32.15896888019479
-0.050435834,-0.02243319233839596,695.3381283875829,842.0,17.418274538291822
-0.062444992,-0.03522572625404802,632.441001028046,775.0,18.394709544768258
0.1750018,0.06749641175521774,1876.0519382579655,1313.0,42.88285896861885
-0.043245066,-0.12591906371576037,732.9992702258144,300.0,144.33309007527146
0.28431776,0.3084542893903356,2448.5866272764642,2575.0,4.9092571931470195
0.24392208,0.17327348323687802,2237.0170990770657,1867.0,19.81880552099977
-0.033613283,0.01880840953893007,783.4450575776798,1058.0,25.950372629708905
0.010983823,-0.04286305993503432,1017.0192755823375,735.0,38.36996946698469
-0.054874793,-0.0839137284703357,672.089391341299,520.0,29.247959873326735
-0.08492486,-0.06692066103014117,514.7042600957384,609.0,15.483701133704697
0.2273225,0.5175262989073356,2150.077958592019,3670.0,41.41476952065343
-0.09015695,-0.12286413024336583,487.30156440978794,316.0,54.209355825882255
-0.09522469,-0.12420066363753844,460.7596136574579,309.0,49.11314357846535
-0.075189255,-0.12782839713600694,565.6938175378206,290.0,95.06683363373124
0.25171718,0.008879875753647876,2277.8433652549184,1006.0,126.42578183448492
-0.12725256,-0.14272119781393022,293.0158865691577,212.0,38.21504083450836
0.05493667,0.02491827648371911,1247.2192314075096,1090.0,14.42378269793666
-0.03965936,-0.08104972833996583,751.7791614603468,535.0,40.51946943184053
0.1292772,0.07704307885645062,1636.5725468187918,1363.0,20.07135339829727
0.08491138,0.04897587757882596,1404.2096952190943,1216.0,15.477770988412361
-0.080559894,-0.13813879760533845,537.5654707146135,235.9999999999999,127.78197911636178
-0.07094263,-0.08735052862677953,587.9352043954468,502.0,17.11856661263881
-0.08372856,-0.1526497315992124,520.9698104750462,160.0,225.60613154690387
0.062063735,16.30427688419007,1284.5467360536813,86352.0,98.51242966456633
-0.0923363,-0.11560866324642885,475.8873873176437,354.0,34.43146534396714
-0.07453118,-0.055846527192711035,569.1404263084266,667.0,14.6716002536092
0.055036057,-0.04458146001325624,1247.7397639599635,726.0,71.86498126170297
-0.008188419,-0.06310199418964803,916.6060019864868,629.0,45.72432464014099
0.20790567,-0.006394791608324729,2048.3836254888665,926.0,121.20773493400287
-0.058077443,-0.1419574644458316,655.3157327331256,216.0,203.386913302373
-0.10427271,-0.14482146457620146,413.37126972924966,201.0,105.6573481240048
-0.07816517,-0.1167542632985768,550.1076536910704,348.0,58.076911980192634
-0.093132965,-0.11484492987833021,471.71489327841823,358.0,31.763936669949228
-0.039550558,-0.06462946092584529,752.3489981756275,621.0,21.1512074356888
-0.069013834,-0.1274465304519576,598.0371532426102,292.0,104.80724426116788
0.004831747,0.008307075727573903,984.7982101040591,1003.0,1.8147347852383768
-0.046327237,-0.09957026251635762,716.856615151466,438.0,63.66589387019772
0.04652564,-0.013841191947286374,1203.1670447794834,887.0,35.64453717919768
0.0003233198,-0.015941458709557606,961.1856377976445,876.0,9.724387876443439
-0.079382315,-0.08276812841818774,543.7329590747813,526.0,3.371284995205574
-0.08794064,-0.1721249324857275,498.90932911711457,58.0,760.1884984777837
0.08162747,-0.035416659596072673,1387.0104443261023,774.0,79.20031580440599
-0.098739736,-0.08200439505008912,442.34982557474905,530.0,16.53776875948131
-0.054835845,-0.14310306449797955,672.2933782911812,209.9999999999999,220.1397039481817
-0.060541652,-0.1274465304519576,642.409612064067,292.0,120.00329180276267
0.17008194,0.16888201637031092,1850.2845330758337,1844.0,0.34080981973067676
-0.053930853,-0.023005992364469936,677.0332116444835,839.0,19.30474235465036
0.09268287,0.027782276614088972,1444.9123010154685,1105.0,30.761294209544666
0.36407334,0.2828692215590315,2866.3008599980503,2441.0,17.42322244973578
-0.09624472,-0.06348386087369734,455.41728226375756,627.0,27.365664710724474
-0.025538355,-0.06902092779241241,825.7369275541259,598.0,38.083098253198315
-0.07010558,-0.13355639739674666,592.3191970991124,260.0,127.81507580735094
0.053085342,0.03370121021685336,1237.5230322121633,1136.0,8.936886638394661
0.12864378,0.014416942672362945,1633.255061494797,1035.0,57.80242140046348
0.018673388,0.07322441201595747,1057.2928356562911,1343.0,21.273802259397534
-0.109993525,-0.1562774650976809,383.408893897059,141.0000000000001,171.92120134543168
0.014066462,0.043247877318086235,1033.164384158259,1186.0,12.886645517853367
-0.073077515,-0.07322146131695487,576.7539099655496,576.0,0.13088714679680732
0.29089257,0.4001022935621712,2483.0217315988402,3055.0,18.722692910021596
0.023012292,-0.049545726905897335,1080.0175379351517,700.0,54.28821970502168
-0.11036851,-0.10930786295961514,381.44492198169416,387.0,1.4354206765648152
-0.037894424,0.11293854715708625,761.0228822860404,1551.0,50.93340539741842
-0.0035832124,-0.06157452745345076,940.7254491825224,637.0,47.68060426727197
-0.0479539,-0.16448759880474118,708.3370821420112,98.0,622.792940961236
-0.096790835,-0.15723213180780418,452.55705549140686,136.0000000000001,232.7625408025048
0.09631568,0.08429854585338761,1463.938908173603,1401.0,4.492427421384944
-0.0903994,-0.10014306254243159,486.0317529633765,435.0,11.731437462845173
0.0987117,0.06959667851748898,1476.4878809595825,1324.0,11.517211552838559
-0.04512679,-0.09422412893966721,723.1438812146779,465.99999999999994,55.18109038941588
0.05218732,-0.11102626303783707,1232.8197038405187,378.0,226.142778793788
-0.097755454,-0.11656332995655214,447.5049299219578,349.0,28.224908287093925
-0.103076465,-0.11389026316820693,419.63650793340696,363.0,15.602343783307704
-0.08500973,-0.11465399653630556,514.2597617033696,359.0,43.247844485618266
0.38842368,0.1715550831586561,2993.8340863927906,1858.0,61.132082152464505
0.12863879,0.10835614694849446,1633.2289168259456,1527.0,6.956707061293097
0.35267043,0.4631102964303082,2806.5789441376837,3385.0,17.08777122192958
0.035994716,0.0020062754407602036,1148.012075771902,970.0,18.351760388855865
-0.0696116,-0.09575159567586446,594.9063876804875,458.00000000000006,29.89222438438589
0.07807121,0.1104564137107657,1368.384748104953,1538.0,11.028299863137002
-0.11536064,-0.10071586256850557,355.2990044296231,432.0,17.754860085735395
-0.11832731,-0.08773239531082884,339.7612667530889,500.00000000000006,32.04774664938223
-0.029596955,-0.0537462604304398,804.4802972086426,678.0,18.654911092720145
0.054819778,0.06940574517546431,1246.6070169155532,1323.0,5.774223967078365
-0.1250397,-0.16525133217283983,304.60562316154494,93.99999999999989,224.04853527823968
-0.034943476,-0.09116919546727269,776.4782642556926,482.0,61.09507557172045
0.04121264,-0.0258699924948398,1175.340590837723,824.0,42.63842121817027
-0.0115232775,-0.03904439309454117,899.1399145058979,755.0,19.091379404754687
-0.056721568,-0.00238519142580692,662.4170345230696,947.0,30.05099952237914
0.43954128,0.11828468073377665,3261.55892935849,1579.0,106.55851357558517
-0.07208769,-0.10587106280317131,581.9380466017517,405.0,43.688406568333754
-0.04048414,-0.11866359671882337,747.4594183048363,338.0,121.14183973515867
-0.005222814,-0.012886525237163085,932.1381497767331,892.0,4.499792575866944
0.037512146,-0.04305399327705898,1155.9595087962352,734.0,57.48767149812469
-0.08590086,0.00544307559720404,509.59254809444434,988.0,48.42180687303195
0.13623525,0.22501641892556024,1673.0148593148724,2138.0,21.748603399678558
-0.094385706,-0.13412919742282065,465.1537520535137,256.9999999999999,80.9936778418342
0.09742711,0.03465587692697664,1469.7599211386482,1141.0,28.813314736077842
-0.084856115,-0.14157559776178227,515.0643151099064,218.0,136.2680344540855
0.05764704,-0.033316392833801445,1261.414596426096,785.0,60.68975750650905
-0.07541942,-0.12649186374183433,564.4883531942988,297.0,90.063418583939
-0.014082101,-0.05011852693197131,885.7382548073692,697.0,27.078659226308353
-0.035939798,-0.10396172938292474,771.2601005280898,415.0,85.8458073561662
-0.030133545,-0.09231479551942062,801.6699404165787,476.0,68.41805470936528
0.025567703,0.024536409799669794,1093.401325606316,1088.0,0.49644536822757807
0.24424227,0.31265482291487806,2238.694025941578,2597.0,13.796918523620416
-0.04400417,-0.13088333060840146,729.0235245751697,274.0,166.06697977195978
-0.004092437,-0.08353186178628638,938.0584198064159,522.0,79.70467812383447
0.043549884,-0.07551266142125077,1187.581739414397,564.0,110.564138194042
-0.022737253,0.008307075727573903,840.4075011955084,1003.0,16.21061802637005
0.079545364,-0.015941458709557606,1376.1055419700483,876.0,57.089673740873096
0.013913442,-0.004485458188078153,1032.362952503227,936.0,10.295187233250749
0.12128863,0.12172148089022049,1594.732960102529,1597.0,0.1419561613945537
0.08234009,0.039238277135568427,1390.7427323812778,1165.0,19.377058573500243
-0.0680679,-0.0892598620470261,602.9914119023883,492.00000000000006,22.55923006146103
0.033872236,-0.0627201275055987,1136.8957332842485,631.0,80.17365028276522
-0.04800466,-0.07379426134302884,708.0712259794961,573.0,23.57263978699758
-0.07718305,-0.15303159828326174,555.2514416890748,158.0,251.4249630943511
-0.013201607,0.016708142776658837,890.3497792960936,1047.0,14.961816686141965
-0.10977674,-0.18262626629708364,384.5442749193013,3.0,12718.142497310044
-0.09042715,-0.0892598620470261,485.8863964089411,492.00000000000006,1.2426023559062926
0.040122587,-0.09575159567586446,1169.6315121750667,458.00000000000006,155.37805942687044
-0.043234,-0.06844812776633843,733.0572177381196,601.0,21.97291476507813
-0.110699154,-0.06424759424179596,379.71320837827545,623.0,39.05084937748388
-0.08874674,-0.11961826342894666,494.687433360328,333.0,48.55478479289129
-0.044289753,-0.01727799210373021,727.527795874556,869.0,16.27988539993602
0.0420848,-0.05279159372031651,1179.908454705013,683.0,72.75380010322297
-0.053863134,-0.06119266076940145,677.3878816373058,639.0,6.007493213975866
-0.081076324,-0.12496439700563707,534.8607071671945,305.0,75.36416628432606
-0.09979966,-0.10930786295961514,436.798531939706,387.0,12.86783771051834
-0.15550286,-0.1373750642372398,145.0569620356847,240.0,39.55959915179804
-0.06432087,-0.09365132891359323,622.616224692602,469.0,32.753992471770154
-0.07000714,-0.04897292687982336,592.8347933819997,703.0,15.67072640369848
0.449934,0.32468362346243146,3315.9901007687704,2660.0,24.66128198378836
0.00029685535,-0.11694519664060145,961.047032030838,347.0,176.95879885614926
0.013741276,-0.07589452810530008,1031.4612443365816,562.0,83.53402924138462
0.24916883,0.3475956245053904,2264.4965508281366,2780.0,18.543289538556238
-0.0950686,-0.0968971957280124,461.5771613546327,452.0,2.1188410076621067
-0.06934896,-0.12133666350716858,596.281948459119,324.0,84.03763841330833
0.05575506,-0.09556066233383981,1251.5054937781329,459.0,172.65914897127078
0.006176911,-0.0892598620470261,991.8434106050488,492.00000000000006,101.59418914736762
-0.09200963,-0.11198092974796035,477.5983022516626,373.0,28.042440281947073
-0.0752999,-0.11427212985225625,565.1143424147695,361.0,56.54136908996384
0.16786504,0.04821214421072733,1838.6736466170023,1212.0,51.70574642054474
0.19701813,0.055849477891713635,1991.3609320669982,1252.0,59.0543875452874
-0.027692549,-0.06615692766204254,814.454488375478,613.0,32.86370120317749
-0.05802682,-0.12515533034766171,655.5808669906052,304.0000000000001,115.65160098375162
-0.0817256,-0.13145613063447542,531.460183253176,271.0,96.1107687281092
-0.02977531,-0.17556173264217131,803.546171603716,40.0,1908.8654290092898
0.06888225,0.030646276744458835,1320.2582270115756,1120.0,17.880198840319252
0.11092637,0.019763076249053355,1540.4613492160302,1063.0,44.9164016195701
0.23059772,0.10358281339787802,2167.231670934937,1502.0,44.28972509553509
0.08945824,0.03522867695305062,1428.023547331508,1144.0,24.827233158348612
-0.032508854,-0.08677772860070555,789.229428984439,505.0,56.28305524444336
-0.043452784,-0.06653879434609186,731.9113593373897,611.0,19.789093181242183
0.06959698,0.3966654934057274,1324.0015972845927,3037.0,56.40429380030976
-0.041464224,-0.08143159502401515,742.3263027947884,533.0,39.273227541236096
0.14970806,0.07990707898682048,1743.577759669235,1378.0,26.529590687172355
0.14972006,0.06348681157269993,1743.6405849182663,1292.0,34.95670161906086
-0.08618339,-0.11007159632771378,508.112798859345,383.0,32.66652711732245
-0.0409807,-0.09269666220346995,744.8587261482037,473.99999999999994,57.14319117050712
-0.079918236,-0.1410027977357083,540.9261142531601,221.0,144.7629476258643
-0.047303844,-0.05412812711448912,711.7417033548796,676.0,5.28723422409462
-0.03392366,-0.020905725602198704,781.8194835254194,850.0,8.0212372323036
0.15241253,0.17556468334117392,1757.7422388588725,1879.0,6.453313525339409
0.014028157,-0.0371350596742946,1032.9637628467178,765.0,35.02794285578011
0.02808365,-0.015941458709557606,1106.578424061452,876.0,26.321737906558457
-0.012225382,-0.09594252901788912,895.4626912206223,457.0,95.94369610954537
0.065685086,0.022436143037398562,1303.5133080281921,1077.0,21.03187632573743
-0.0064189043,-0.0010486580316343172,925.873711521399,954.0,2.9482482681971756
0.055560343,0.023581743089546508,1250.4856760944033,1083.0,15.464974708624496
-0.0049784346,-0.06921186113443706,933.4180703325092,597.0,56.35143556658445
0.14967604,0.01556254272451089,1743.4100435696478,1041.0,67.47454789333793
-0.06468701,-0.15016759815289188,620.6985717651875,172.9999999999999,258.7853015983745
0.11288008,0.14043294840863693,1550.693787276088,1695.0,8.513640868667377
-0.0032961897,-0.08314999510223707,942.2287103280754,524.0,79.81463937558692
-0.10908355,0.06119561146840404,388.174832897319,1280.0,69.67384117989695
0.21260062,0.2534654868872342,2072.9731157845054,2287.0,9.358412077634222
-0.08905434,-0.11198092974796035,493.076414474458,373.0,32.192068223715275
-0.055249907,-0.13909346431546174,670.1247560537394,230.9999999999999,190.0972969929609
0.09185047,0.1490249487997465,1440.5526579735392,1740.0,17.209617357842575
-0.06530727,-0.060619860743327474,617.4500381275517,642.0,3.8239816000698297
-0.07079912,-0.10625292948722063,588.6868441139796,403.0,46.076139978655
-0.08649002,-0.13871159763141241,506.50685281967003,233.0,117.38491537324893
-0.058607105,-0.07684919481542336,652.5416663023034,557.0,17.152902388205277
-0.040283047,0.05088521099907254,748.5126387296655,1226.0,38.94676682466024
-0.06278356,-0.09899746249028364,630.6677681296155,441.0,43.00856420172688
0.07349291,0.13661428156814379,1344.4062236006687,1675.0,19.736941874586943
0.0006203818,-0.1369931975531905,962.7414791159528,242.0,297.8270574859309
0.1829427,0.06959667851748898,1917.6418628976435,1324.0,44.83699870828123
-0.044180993,-0.03274359280772747,728.0974179694206,788.0,7.601850511494851
0.31981158,0.1652542828718424,2634.4830271891715,1825.0,44.35523436652994
0.4523146,0.5427295000545904,3328.4582201907792,3802.0,12.455070484198338
-0.048806112,-0.08505932852248364,703.8736798844459,514.0,36.940404646779356
-0.045400325,-0.06730252771419049,721.7112509163519,607.0,18.89806440137593
0.14949788,0.15150708224606707,1742.4769520449067,1753.0,0.6002879609294502
-0.16147268,-0.14921293144276856,113.79043549053131,178.0000000000001,36.072789050263346
-0.07787424,0.01155294254199308,551.6313806004915,1020.0,45.91849209799103
0.061971296,0.1343230814638479,1284.0625914172035,1663.0,22.786374538953485
-0.050409902,-0.11885453006084802,695.4739440889822,337.0,106.37209023411936
0.39680162,0.6420148379074123,3037.712957279468,4322.0,29.71510973439454
-0.015122152,0.11484788057733282,880.291061829533,1561.0,43.60723498849885
-0.076780654,-0.11236279643200967,557.3589751517599,371.0,50.23152969050131
-0.04605709,-0.08486839518045898,718.2714904881093,515.0,39.47019232778821
-0.009341986,-0.008876925054645277,910.564276312326,913.0,0.2667824411472069
0.07811407,0.13260468138562598,1368.6092410600313,1654.0,17.254580347035592
-0.0040913345,-0.06310199418964803,938.0641950466995,629.0,49.13580207419706
-0.09577555,-0.1068257295132946,457.8745299387514,400.0,14.468632484687847
-0.06648872,-0.10128866259457953,611.2622583826037,429.0,42.48537491435984
0.12763539,0.15207988227214103,1627.973682299225,1756.0,7.290792579770788
0.033083912,-0.004103591504028838,1132.7669437660882,938.0,20.76406649958296
-0.041260555,-0.15551373172958227,743.3930052839283,145.0,412.6848312302954
-0.11686238,-0.1018614626206535,347.4337515136498,426.0,18.442781334823994
0.026198016,0.029118810008261577,1096.7025485560664,1112.0,1.3756700938789204
-0.086814255,-0.1005249292264809,504.8086980449264,433.0,16.583994929544208
-0.07550175,-0.08200439505008912,564.0571612677186,530.0,6.425879484475204
-0.05322969,-0.11007159632771378,680.705503537929,383.0,77.72989648509895
-0.07380839,-0.08314999510223707,572.9260182705441,524.0,9.337026387508415
-0.105316475,-0.13775693092128913,407.90461458187656,238.0,71.38849352179687
-0.06763524,-0.11637239661452747,605.2574522977222,350.0,72.93070065649206
-0.0325749,-0.12286413024336583,788.8835194067766,316.0,149.64668335657487
0.04076212,-0.03427105954392473,1172.981014962931,780.0,50.38218140550399
-0.06610983,-0.13260173068662337,613.246677770324,265.0,131.4138406680468
-0.07905959,-0.05336439374639049,545.4231924050819,680.0,19.790706999252667
-0.07732176,-0.11866359671882337,554.5249710920482,338.0,64.0606423349255
0.07094222,-0.024342525758642538,1331.0471953211254,832.0,59.98163405301988
-0.042835835,-0.14443959789215213,735.1425867651216,203.0,262.13920530301556
0.011299898,-0.050691326958045284,1018.6746965056245,694.0,46.78309747919662
-0.07277733,-0.11866359671882337,578.3261020670805,338.0,71.10239706126642
-0.051408853,-0.0879233286528535,690.2420056328651,499.0,38.32505122903109
-0.039304353,-0.07990412828781789,753.6384766565182,541.0,39.304709178654
-0.05085072,-0.14348493118202885,693.1651942308754,208.0,233.2524972263824
-0.015733102,0.053176411103368425,877.0912519040534,1238.0,29.152564466554654
-0.11024947,-0.1522678649151631,382.0684138009609,162.0000000000001,135.8446998771362
0.1633321,-0.04859106019577405,1814.932726424116,705.0,157.43726615944908
0.02785813,-0.02510625912674117,1105.3972801132463,828.0,33.50208697019883
0.015922476,0.010598275831869794,1042.8851232470738,1015.0,2.7473027829629366
0.03887504,0.015944409408560206,1163.0975692101465,1043.0,11.514627920435906
0.028001325,0.06596894501902048,1106.1472516458189,1305.0,15.237758494573267
0.1747564,0.016135342750584862,1874.7666351197122,1044.0,79.57534819154331
0.15446676,0.03102814342850815,1768.5011212882964,1122.0,57.62042079218328
0.00012331642,-0.09193292883537131,960.1381340802583,478.0,100.86571842683227
-0.06804251,-0.10147959593660419,603.1243985164865,428.0,40.91691554123516
0.060957916,-0.0008577246896096597,1278.755087063727,955.0,33.90105623703947
0.0046588974,-0.16563319885688912,983.8929216786566,92.0,969.4488279115833
-0.064266175,-0.07035746118658501,622.9026844150478,591.0,5.398085349415874
-0.11380167,-0.13584759750104256,363.4639845119369,248.0,46.55805827094231
-0.06619401,-0.11618146327250282,612.8057693921855,351.0,74.58853828837195
-0.013461616,-0.09708812907003707,888.9880030014498,451.0,97.11485654134141
0.20452885,0.012125742568067054,2030.6978106019806,1023.0,98.50418480957777
-0.0473918,-0.15169506488908913,711.2810498984743,165.0,331.0794241808935
0.17375043,0.26874015424920683,1869.4979770615216,2367.0,21.01825191966533
-0.045902714,-0.04725452680160144,719.0800241278143,712.0,0.9943854112098792
0.061332673,0.07074227856963693,1280.7178493003837,1330.0,3.7054248646328043
0.11589155,-0.04687266011755213,1566.4661636000906,714.0,119.3930201120575
-0.049520176,-0.15245879825718775,700.1338215818716,161.0,334.86572769060353
-0.10293337,-0.08696866194273022,420.38596242588653,504.0,16.59008682026061
0.21212336,0.06730547841319309,2070.473529354729,1312.0,57.81048242032997
-0.09557657,-0.08047692831389186,458.916687656686,538.0,14.699500435560223
0.12586236,0.06291401154662596,1618.687564185909,1289.0,25.577002652126374
-0.01408967,-0.024724392442691853,885.698613440997,830.0,6.710676318192403
-0.05202171,-0.11274466311605899,687.0322207357809,369.0,86.18759369533359
-0.08322009,-0.14615799797037407,523.632898639878,193.9999999999999,169.9138652782878
-0.1352486,-0.07417612802707815,251.13719991529922,571.0,56.018003517460734
-0.045722984,-0.08009506162984255,720.0213492721487,540.0,33.33728690224975
-0.037545048,-0.10873506293354118,762.8527164414397,390.0,95.60326062601018
-0.06416173,-0.13603853084306722,623.4496933224506,246.9999999999999,152.40878272164002
-0.025457961,-0.007922258344521989,826.1579835437896,918.0,10.004576956014208
-0.008476655,0.076279345488352,915.0963863694141,1359.0,32.66398922962369
-0.070078045,-0.08085879499794117,592.4634220186274,536.0,10.53422052586332
-0.083436824,-0.13355639739674666,522.4977517489986,260.0,100.96067374961484
0.27980447,0.14826121543164789,2424.9485687956562,1736.0,39.68597746518757
0.02549774,-0.02873399262520966,1093.034900267984,809.0,35.10938198615378
-0.0625065,-0.11236279643200967,632.1188752946596,371.0,70.38244617106727
0.26852703,0.41079456071555204,2365.883781627019,3111.0,23.951019555544235
-0.048555594,-0.10090679591053021,705.1857520418516,431.0,63.61618376841105
0.074251905,0.03465587692697664,1348.3814229448,1141.0,18.175409548185808
-0.06697871,-0.11923639674489735,608.6959835363099,335.0,81.70029359292832
-0.013638058,-0.10720759619734392,888.063901145495,398.0,123.13163345364198
0.09837794,0.1423422818288835,1474.739856204552,1705.0,13.504993770994012
0.0050088805,-0.09231479551942062,985.7259336795329,476.0,107.08528018477581
-0.0750871,-0.12763746379398228,566.2288467238243,291.0,94.5803596989087
-0.041097324,-0.0069675916343987015,744.2479164444245,923.0,19.366422920430715
-0.085328706,-0.05775586061295761,512.5891563856546,657.0,21.98034149381208
0.081210084,-0.00944972508071925,1384.8243988130753,910.0,52.1785053640742
-0.05606801,-0.07780386152554665,665.8399960260278,552.0,20.623187685874612
0.024082646,-0.03159799275557953,1085.6234427105792,794.0,36.728393288486046
-0.07154301,-0.09269666220346995,584.7907811704913,473.99999999999994,23.37358252542012
0.3082003,0.2219614854531657,2573.669747002778,2122.0,21.285096465729406
-0.0054041566,0.1824382836540616,931.188381270126,1915.0,51.37397486840073
-0.08720688,-0.1284011971620809,502.75236130691763,287.0,75.17503878289813
0.12134177,0.016899076118683493,1595.0113032710628,1048.0,52.19573504494874
0.17609319,0.015944409408560206,1881.7680213505603,1043.0,80.4187939933423
-0.022438617,0.029118810008261577,841.9715864986007,1112.0,24.283130710557494
0.2503346,0.022818009721447877,2270.602150464725,1079.0,110.43578780952039
-0.021643717,-0.07608546144732474,846.1348225935201,561.0,50.8261715852977
-0.050944444,-0.14501239791822612,692.6743183177156,200.0,246.33715915885776
-0.053154048,-0.004103591504028838,681.1016733148163,938.0,27.38788130972108
-0.08765758,-0.11007159632771378,500.3918489066743,383.0,30.650613291559864
-0.034555975,-0.09269666220346995,778.5077734417082,473.99999999999994,64.24214629571905
-0.046814468,0.011934809226042396,714.3047784058812,1022.0,30.10716453954196
0.16419934,-0.029306792651283636,1819.4747968195986,806.0,125.7412899279899
-0.07913913,-0.1599051985961494,545.0066336886797,122.0,346.72674892514726
-0.06552136,-0.12400973029551378,616.3287440089741,310.0,98.81572387386262
0.027786573,0.004297475545056094,1105.0225040896394,982.0,12.527749907295252
-0.0006805415,-0.01555959202550829,955.9279845232251,878.0,8.875624660959575
-0.072580755,-0.10568012946114666,579.3556557133151,406.0,42.69843736781159
0.14011131,0.19561268425376296,1693.3154532620556,1984.0,14.65143884767865
0.1747057,0.3275476235928013,1874.5011301542413,2675.0,29.92519139610313
-0.08518634,-0.16105079864829736,513.334786732541,116.0,342.5299885625354
-0.038528185,-0.10338892935685076,757.7036019549305,418.0,81.26880429543792
-0.1334446,-0.12477346366361242,260.5854930192821,306.0,14.841342150561395
-0.07843625,-0.06730252771419049,548.687920128648,607.0,9.606602944209557
-0.09799634,-0.14272119781393022,446.2433130732461,212.0,110.49212880813495
-0.01139175,-0.03598945962214665,899.8287826305035,771.0,16.70931032821057
-0.0900071,-0.13432013076484528,488.08641175995155,256.0,90.65875459373108
0.0042558145,-0.05355532708841514,981.7818030794779,679.0,44.59231267738997
-0.1683861,-0.11236279643200967,77.58186413836177,371.0,79.0884463238917
-0.07642481,-0.09670626238598776,559.2226998219315,452.99999999999994,23.448719607490425
-0.10058149,-0.14558519794430008,432.70376951294645,197.0,119.64658350910989
-0.04017839,-0.1041526627249494,749.0607792719887,414.0,80.93255537970742
-0.13850912,-0.16506039883081516,234.06043874697104,95.0,146.37940920733794
0.10445058,0.03675614368924788,1506.5448848842582,1152.0,30.77646570175852
-0.07100513,-0.05890146066510556,587.607888750184,651.0,9.737651497667592
-0.061624635,-0.1094987963016398,636.7375651786344,386.0,64.95791844006074
-0.1310662,-0.04629986009147816,273.0422180482991,717.0,61.918798040683534
-0.017950876,-0.15035853149491651,865.4758193945935,172.0,403.18361592708925
-0.062273864,-0.05718306058688364,633.3372753959788,660.0,4.039806758185023
-0.03256951,-0.058137727297006926,788.9117517469467,655.0,20.444542251442247
0.13926382,0.07055134522761226,1688.8767908851648,1329.0,27.07876530362414
-0.042074125,-0.1419574644458316,739.1319900785991,216.0,242.19073614749956
-0.08132537,-0.12610999705778503,533.5563613447629,298.9999999999999,78.44694359356625
-0.059097726,-0.13107426395042612,649.9720745950358,272.9999999999999,138.0850090091707
-0.090538755,-0.1324107973445987,485.30188746158865,266.0,82.4443185945822
0.012293309,-0.0600470607172535,1023.8776173059584,645.0,58.74071586138891
-0.07437419,-0.09746999575408638,569.9626566328584,449.0,26.94045804740722
0.005455851,0.1396692150405383,988.0669107441886,1691.0,41.569076833578436
-0.070025936,-0.06462946092584529,592.7363411439217,621.0,4.551313825455449
0.15365452,0.09308147958652185,1764.247032469118,1447.0,21.924466653014377
0.032673705,-0.036944126332269935,1130.618515358692,766.0,47.60032837580837
-0.06351095,-0.14844919807466994,626.8581386809121,182.0,244.42754872577586
-0.07769899,-0.15723213180780418,552.5492535866472,136.0000000000001,306.28621587253434
-0.09663103,-0.12477346366361242,453.3940360916981,306.0,48.16798565088174
0.09765739,-0.04820919351172473,1470.966009832471,707.0,108.05742713330564
-0.062490262,-0.09346039557156857,632.2039040012676,470.0,34.51146893643991
-0.07504091,-0.07665826147339871,566.4707824654349,558.0,1.518061373733857
-0.082544506,-0.09727906241206172,527.1712088609331,450.00000000000006,17.14915752465179
-0.033018224,-0.051455060326143914,786.5616386814032,690.0,13.994440388609164
0.027039174,-0.08773239531082884,1101.1080520786938,500.00000000000006,120.22161041573875
0.03228447,-0.09460599562371652,1128.5799140714191,464.0,143.22842975677136
-0.05589114,-0.00238519142580692,666.7663367631399,947.0,29.591727902519548
0.30684626,0.1396692150405383,2566.5780641096576,1691.0,51.77871461322635
0.05066302,0.12057588083807254,1224.8362926300942,1591.0,23.014689338146184
-0.06655996,-0.12630093039980966,610.88913103401,298.0,104.99635269597651
-0.036355246,-0.032934526149752126,769.0842202183997,787.0,2.2764650294282527
-0.084756464,-0.10262519598875214,515.5862329395906,422.0,22.176832450139944
-0.10097649,-0.10968972964366447,430.63498479081284,385.0,11.853242802808529
-0.03085367,-0.02128759228624802,797.8983378033914,848.0,5.90821488167554
-0.11097592,-0.14424866455012747,378.26366208898366,204.0000000000001,85.42336376910954
-0.05517031,-0.1274465304519576,670.5416464562388,292.0,129.63755015624616
-0.01018266,0.16678174960803968,906.1613043350594,1833.0,50.564031405615964
0.10378264,0.07207881196380952,1503.0465721043563,1337.0,12.419339723586859
0.16786963,-0.025488125810790484,1838.697684103588,826.0,122.60262519413898
-0.08435443,-0.091551062151322,517.6918543294789,480.0,7.8524696519747765
-0.07945613,0.0069705423334013,543.3463691728239,996.0,45.44715168947551
0.1130444,-0.10147959593660419,1551.554415144027,428.0,262.5127138186979
-0.034230802,-0.06882999445038775,780.2108449750716,599.0,30.252227875638
0.11362026,-0.05851959398105624,1554.57041731646,653.0,138.0659138310046
-0.0008479708,-0.09899746249028364,955.0510854401437,441.0,116.56487198189198
-0.04058866,-0.007922258344521989,746.9120191784954,918.0,18.637034947876323
-0.06611004,-0.08639586191665624,613.2455851572975,507.0,20.95573671741567
-0.054155428,0.013844142646288972,675.8570137213178,1032.0,34.50997929056998
-0.07346252,-0.09002359541512474,574.7374536030128,488.0,17.774068361273113
-0.062332988,-0.12324599692741516,633.0276171576642,314.0,101.60115196103953
-0.032477275,-0.026251859178889114,789.3948232813449,822.0,3.966566510785294
-0.08653685,-0.10147959593660419,506.26160021708574,428.0,18.28542061146863
0.06503205,0.005634008939228697,1300.0930780578003,989.0,31.455316284914087
-0.040300913,-0.0258699924948398,748.4190642283136,824.0,9.172443661612432
-0.048449095,-0.10033399588445624,705.7435309919455,434.0,62.61371681842062
-0.11697296,-0.12916493053017952,346.85458856574905,283.0000000000001,22.563458857155094
0.17637075,0.1612446826893246,1883.2217429824896,1804.0,4.391449167543767
-0.11289384,-0.16181453201639598,368.21868520678015,112.0,228.76668322033944
-0.097832486,-0.13126519729245076,447.1014825618752,272.0,64.37554505951293
-0.090717845,-0.09498786230776583,484.3639182001218,462.0,4.840674935091302
-0.02012944,0.04783027752667802,854.0657396012991,1210.0,29.41605457840503
-0.09364797,-0.08085879499794117,469.0175829127166,536.0,12.496719605836457
-0.06485709,-0.0753217280792261,619.8078189952286,565.0,9.700498937208595
-0.0014213293,-0.03446199288594939,952.0481601750146,779.0,22.21414122914179
-0.06598331,-0.05336439374639049,613.9093085490804,680.0,9.719219331017591
-0.056412425,-0.11923639674489735,664.0361504519049,335.0,98.21974640355369
-0.03748874,-0.13412919742282065,763.1476244038948,256.9999999999999,196.94460093536776
0.09712635,0.06615987836104514,1468.184724351294,1306.0,12.418432186163407
0.2513708,0.4176681610284397,2276.029159367989,3147.0,27.676226267302546
0.09566351,-0.07360332800100419,1460.523204742893,574.0,154.44655134893608
0.2742546,0.21413321843015473,2395.881472273106,2081.0,15.131257677708113
-0.05200694,-0.040380926488713775,687.1095621293086,748.0,8.140432870413283
-0.00320887,-0.043244926619083635,942.6860408263362,733.0,28.606554000864428
-0.046571467,-0.08620492857463159,715.5774774724343,507.99999999999994,40.86170816386504
-0.053361733,-0.0069675916343987015,680.0139380249138,923.0,26.325683854288854
-0.0182356,-0.06157452745345076,863.9845977227146,637.0,35.63337483873071
0.034209877,0.03866547710949445,1138.6641079569,1162.0,2.0082523272891657
0.0397311,-0.046681726775527475,1167.5811262758637,715.0,63.29805961900191
0.12793995,0.10301001337180404,1629.568819274315,1499.0,8.710394881542031
-0.07170379,-0.13546573081699323,583.948688702111,250.0,133.5794754808444
0.23979722,0.09460894632271911,2215.4134080080526,1455.0,52.26208989746066
-0.12649193,-0.14768546470657132,296.9996317080331,186.0,59.677221348404906
-0.086977,-0.11885453006084802,503.9563428184747,337.0,49.54194148916163
-0.07423118,-0.14386679786607817,570.7116818845061,206.0,177.0445057691777
-0.046324946,-0.10109772925255488,716.868614383812,430.0,66.7136312520493
0.10936694,0.00773427570149993,1532.2939497763,1000.0,53.229394977629994
-0.1097917,-0.16105079864829736,384.46591895653444,116.0,231.4361370314952
0.041246235,-0.011359058500965824,1175.5165405569041,900.0,30.612948950767127
-0.049769484,-0.12381879695348913,698.8280904822097,311.0,124.70356607145008
0.014405902,-0.02739745923103706,1034.9421728627917,816.0,26.831148635146047
-0.10710484,-0.10281612933077679,398.5381894111032,421.0,5.335346933229646
-0.06284933,-0.13050146392435213,630.3233218729708,276.0,128.37801517136626
-0.081940696,-0.14558519794430008,530.3336211789343,197.0,169.20488384717478
-0.027155222,-0.0025761247678315778,817.2686985795556,946.0,13.607959981019496
0.065591216,0.012698542594141026,1303.021671188103,1026.0,27.000162883830704
-0.042463053,-0.140620931051659,737.0950081999192,223.0,230.53587811655572
0.019653078,0.03312841019077938,1062.4238927614406,1133.0,6.2291356786018905
0.015570493,-0.044772393355280896,1041.0416411843153,725.0,43.59195050818141
-0.031927407,-0.10644386282924528,792.274717088175,402.0,97.08326295725746
0.25828502,-0.010595325132867196,2312.24194508469,904.0,155.77897622618252
0.088471845,0.2000041511203301,1422.8573607664578,2007.0,29.1052635392896
0.040884566,0.09174494619234926,1173.6223202767214,1440.0,18.49844998078323
-0.10801965,-0.15016759815289188,393.74692520176177,172.9999999999999,127.59937872934222
-0.041186787,-0.08849612867892748,743.779361054523,496.0,49.95551634163769
-0.035250865,-0.12821026382005624,774.8683379828492,288.0000000000001,169.05150624404476
0.086465284,-0.04687266011755213,1412.3481404136187,714.0,97.80786280302782
-0.052801814,-0.10396172938292474,682.946472366491,415.0,64.56541502807012
-0.11111781,-0.12114573016514392,377.520529143301,325.0,16.16016281332339
0.18135063,0.14081481509268626,1909.30350854114,1697.0,12.510519065476721
-0.11455538,-0.12630093039980966,359.51649071240934,298.0,20.643117688727965
0.07824445,0.07456094541013007,1369.2920851797803,1350.0,1.4290433466503938
-0.116852686,-0.13279266402864803,347.4845189974942,264.0,31.6229238626872
0.12239798,0.11771188070770268,1600.5431249810954,1576.0,1.5573048845872708
-0.09433653,-0.13928439765748638,465.41129655264757,230.0,102.3527376315859
-0.049160935,-0.10033399588445624,702.0153207246728,434.0,61.754682194625076
0.022104865,-0.03197985943962884,1075.2649541780474,792.0,35.76577704268276
0.019281166,-0.0802859949718672,1060.476027132745,539.0,96.74879909698423
-0.0012310196,0.028164143298138287,953.0448939696881,1107.0,13.907416985574695
-0.05566305,-0.16334199875259323,667.960953020183,104.00000000000011,542.2701471347906
0.17434089,0.20554121803904515,1872.5904621458185,2036.0,8.026008735470604
0.046703305,-0.06042892740130282,1204.0975608592328,643.0,87.26245114451521
0.15106471,0.1207668141800972,1750.6831002251884,1592.0,9.967531421180173
-0.07731557,-0.12038199679704528,554.5573982858027,329.0,68.55847972212848
0.083424665,-0.028543059283185006,1396.4231104410383,810.0,72.39791486926399
-0.054787435,0.015371609382486232,672.5469230461997,1040.0,35.332026630173104
-0.013429405,-0.08124066168199048,889.156704403856,534.0,66.50874614304419
-0.06294939,-0.0753217280792261,629.7992578391272,565.0,11.46889519276588
-0.10302267,-0.1280193304780316,419.9182460067018,288.9999999999999,45.30043114418753
-0.11290395,-0.1536043983093357,368.16573249688247,155.0,137.52627903024674
-0.054467298,-0.10014306254243159,674.2236157793488,435.0,54.993934661919276
-0.045657806,-0.025297192468765828,720.3627127991825,827.0,12.894472454754228
-0.060781833,-0.14940386478479323,641.1516827843201,177.0,262.2325891436837
-0.0068960935,-0.08964172873107543,923.3744665331941,490.0,88.44376868024369
-0.047888875,-0.10873506293354118,708.6776457202219,390.0,81.71221685133895
0.025761647,-0.038089726384417884,1094.417094768563,760.0,44.00224931165302
0.052595392,0.012889475936165684,1234.9569524753388,1027.0,20.248972977150807
-0.08540764,-0.08410466181236036,512.1757584426509,519.0,1.314882766348568
-0.0656041,-0.02892492596723432,615.8954058782344,808.0,23.775321054673956
0.024580672,-0.038471593068467196,1088.231822180292,758.0,43.56620345386439
0.12833916,0.20458655132892187,1631.6596123445565,2031.0,19.662254438968166
-0.04541499,-0.05412812711448912,721.6344363183905,676.0,6.750656260116937
-0.06589744,-0.1446305312341768,614.3590358752194,202.0,204.13813657189078
0.022421617,0.1675454829761383,1076.9239212159343,1837.0,41.375943319764055
-0.07864922,-0.11732706332465077,547.5724792941417,345.0,58.7166606649686
-0.0576137,-0.08200439505008912,657.7445529584802,530.0,24.102745841222678
-0.075863734,-0.10720759619734392,562.161282557049,398.0,41.24655340629373
-0.050820254,-0.06711159437216584,693.3247547546569,608.0,14.033676768858037
-0.057189927,-0.07112119455468364,659.9640402345009,587.0,12.429989818483966
0.03193338,-0.007731325002497331,1126.741104880444,919.0,22.605125667077697
0.17171857,0.18854815059885063,1858.8562383573098,1947.0,4.527157762850034
-0.052341893,-0.06882999445038775,685.355274360322,599.0,14.416573348968619
0.042484283,-0.01708705876170555,1182.0007306072189,870.0,35.862152943358495
-0.07685028,-0.06825719442431377,556.9943155541225,602.0,7.476027316590943
0.0008165778,0.09403614629664514,963.769042035886,1452.0,33.62472162287287
0.17082997,-0.03751692635834391,1854.2022531703856,763.0,143.0147120799981
0.054356966,0.22482548558353557,1244.1830744269248,2137.0,41.7789857544724
-0.075556085,-0.055082793824612404,563.7725745961757,671.0,15.980242236039393
0.025550824,0.03274654350673007,1093.3129215058937,1131.0,3.332190848285265
0.002248106,0.13394121477979856,971.2665709161239,1661.0,41.52519139577821
-0.05448842,-0.020714792260174045,674.1129887104026,851.0,20.785782760234707
0.07751187,0.12286708094236844,1365.4552574710926,1603.0,14.818761230749056
-0.045526445,-0.05756492727093295,721.0507078089142,658.0,9.582174439044717
-0.08335961,-0.14883106475871927,522.9021746564263,180.0,190.50120814245903
-0.08168594,0.07322441201595747,531.6678967939168,1343.0,60.41192131095183
-0.13781768,-0.12935586387220419,237.68182657994373,282.0,15.715664333353288
0.10073522,0.0046793422291054095,1487.0859151427292,984.0,51.126617392553776
-0.01369707,0.09460894632271911,887.7548282355875,1455.0,38.98592245803522
0.24320531,0.9087487167158589,2233.263036805145,5719.0,60.9501130126745
0.42614573,0.10606494684419857,3191.4006860429176,1515.0,110.65351062989555
-0.017314227,-0.026251859178889114,868.8102207095542,822.0,5.6946740522572
-0.07308555,-0.11026252966973844,576.7118443640245,382.0,50.97168700628914
-0.08817526,-0.13508386413294393,497.6805296810955,251.9999999999999,97.4922736829745
-0.011138654,-0.010022525106793223,901.1543514854301,907.0,0.644503695101424
-0.08124164,-0.11331746314213295,533.994889387379,366.0,45.90024300201611
0.13779679,0.17193694984270544,1681.19330195055,1860.0,9.613263335991935
-0.020121945,-0.13317453071269733,854.1049956264701,262.0000000000001,225.99427313987394
-0.051512368,-0.09957026251635762,689.6998549512414,438.0,57.4657203085026
-0.11312501,-0.14558519794430008,367.00795290759436,197.0,86.29845325258597
-0.06847211,-0.08486839518045898,600.874396119508,515.0,16.674640023205438
0.20824963,0.20229535122462597,2050.1851102384144,2019.0,1.5445819830814453
0.0408901,0.00849800906959856,1173.6513135438208,1004.0,16.89754118962359
-0.09220218,-0.16162359867437132,476.5898204280844,113.0,321.760903033703
0.20123234,0.24659188657434652,2013.4325736865587,2251.0,10.55386167540832
-0.059203744,-0.07608546144732474,649.4168125570925,561.0,15.760572648323084
0.017754931,0.028164143298138287,1052.4824799854039,1107.0,4.924798555970743
-0.08363323,-0.14004813102558503,521.4690956063216,226.0,130.73853787890337
0.049056243,0.04534814408035747,1216.4209090552135,1197.0,1.6224652510621174
0.07482739,0.010598275831869794,1351.3954740225424,1015.0,33.14241123374802
0.12486575,0.04343881066011089,1613.4678786044476,1187.0,35.928212182346044
-0.109085925,-0.10873506293354118,388.16238491319416,390.0,0.4711833555912411
-0.033265956,0.04706654415857939,785.2641607122819,1206.0,34.886885513077786
0.0662352,-0.024342525758642538,1306.3944895575178,832.0,57.018568456432426
-0.031107908,-0.09861559580623433,796.566783965502,443.0,79.81191511636615
-0.08965986,-0.10644386282924528,489.90502712088096,402.0,21.866922169373375
0.02065537,0.041147610555815,1067.673322781457,1175.0,9.134185295195145
-0.0503249,-0.05260066037829186,695.9191448754395,684.0,1.742565040268939
0.1583255,0.038856410451519115,1788.710950310482,1163.0,53.801457464357874
0.16765244,0.08009801232884514,1837.56019589908,1379.0,33.2530961493169
-0.08186504,-0.14520333126025076,530.7298494886625,199.0000000000001,166.69841682847343
0.41007343,0.18530228378443145,3107.223124982674,1930.0,60.99601683848053
0.20869814,0.04000201050366706,2052.534150201878,1169.0,75.5803379129066
-0.018132074,-0.051073193642094596,864.526806937179,692.0,24.93161949959234
0.042349342,-0.002003324741757605,1181.2939855775123,949.0,24.47776454979055
0.043851238,-0.04229025990896035,1189.1600579532558,738.0,61.13279918065796
0.20013773,0.1343230814638479,2007.6996331358387,1663.0,20.72757866120497
-0.08872701,-0.10281612933077679,494.790763335132,421.0,17.527497229247505
-0.071091026,-0.09231479551942062,587.1580053364696,476.0,23.352522129510422
0.09594489,0.07551561212025336,1461.9969055844522,1355.0,7.896450596638537
-0.08264681,-0.11503586322035488,526.6353992370532,357.0,47.516918553796415
-0.017739555,-0.05126412698411925,866.5825973686744,691.0,25.409927260300208
-0.06706661,-0.1513131982050398,608.2356032331611,167.0,264.2129360677612
0.009189282,0.07475187875215474,1007.6204915061238,1351.0,25.416691968458636
0.0080844425,-0.011359058500965824,1001.8339738952051,900.0,11.31488598835612
-0.030242043,0.09250867956044788,801.1016938434708,1444.0,44.52204336264053
-0.06669031,-0.11770893000870009,610.2064430018363,343.0,77.90275306175985
-0.091532975,-0.10147959593660419,480.0947279080398,428.0,12.171665399074714
-0.075031236,-0.12076386348109461,566.521432883598,327.0,73.2481446127211
0.14298461,0.1518889489301164,1708.364168565386,1755.0,2.6573123324566335
-0.119095,-0.13145613063447542,335.7405678807771,271.0,23.889508443091188
-0.0653454,-0.15303159828326174,617.2503240750416,158.0,290.66476207281113
-0.047998473,-0.09613346235991378,708.1036336623039,456.0,55.28588457506663
-0.02225878,-0.1144630631942809,842.9134677049217,360.0,134.1426299180338
0.124929115,-0.045154260039330214,1613.799759811286,723.0,123.20881878441025
-0.059961133,-0.07933132826174391,645.4500419420237,544.0,18.648904768754367
0.10993428,0.21107828495776024,1535.2653499241103,2065.0,25.653009688905072
-0.027582461,-0.12190946353324254,815.031066122914,321.0,153.90375891679565
0.006147018,-0.04458146001325624,991.6868498893537,726.0,36.5959848332443
0.018425295,-0.005631058240226098,1055.99346512532,930.0,13.547684422077417
-0.082966305,-0.13451106410686994,524.9620623867717,255.0,105.8674754457928
-0.087252,-0.13890253097343708,502.51604471801545,232.0,116.6017434129377
0.19532001,0.05183987770919583,1982.4671400740292,1231.0,61.045259144925204
-0.038781065,-0.03465292622797405,756.3791598571876,778.0,2.7790282959913144
-0.037126638,-0.017850792129804182,765.0441079539185,866.0,11.657724254743828
0.12510175,0.07188787862178486,1614.703897090821,1336.0,20.861070141528526
0.18415728,0.061768411494478016,1924.0031339824627,1283.0,49.96127310853178
-0.07816425,-0.09632439570193843,550.1124924059026,455.0,20.903844484813753
0.12508626,0.1788105501555931,1614.622809595488,1896.0,14.840569114162028
-0.066546306,-0.1274465304519576,610.9606581653604,292.0,109.23310211142481
-0.029259078,-0.07035746118658501,806.2499010709489,591.0,36.42130305769017
-0.080185175,-0.10625292948722063,539.5280378418013,403.0,33.87792502277948
-0.041762102,-0.018041725471828838,740.7661879693911,865.0,14.362290408162876
-0.0623034,-0.08849612867892748,633.1825730979763,496.0,27.65777683426941
-0.074837156,-0.10434359606697405,567.5379141954068,413.0,37.41838116111544
-0.032568336,-0.04076279317276309,788.9178976952215,746.0,5.753069396142298
-0.047754865,-0.06978466116051103,709.3795130132024,594.0,19.42416043993307
-0.08140784,-0.12114573016514392,533.1244280022004,325.0,64.03828553913857
-0.07424165,-0.12591906371576037,570.6568171018118,300.0,90.21893903393729
-0.052839626,-0.11828173003477406,682.7484362554146,340.0,100.80836360453371
-0.0655202,-0.10968972964366447,616.3348314244082,385.0,60.08696920114499
-0.020741621,-0.03637132630619597,850.8594861856045,769.0,10.644926682133226
-0.0739726,-0.1459670646283494,572.0659757310121,195.0,193.3671670415447
0.010095098,-0.07283959463290555,1012.3646416564286,578.0,75.14959198208108
0.007574348,-0.0663478610040672,999.1623887129965,612.0,63.26182822107786
-0.054789934,-0.12305506358539049,672.5338312008271,315.0,113.50280355581812
-0.06083226,-0.03522572625404802,640.8875826070264,775.0,17.304828050706274
0.10485539,-0.027015592546987745,1508.6650224186433,818.0,84.43337682379503
-0.09860674,-0.1383297309473631,443.04636637922476,235.0,88.53036867201054
-0.047721937,-0.12420066363753844,709.5519702728876,309.0,129.62846934397658
-0.096701555,-0.13031053058232747,453.02465484491006,277.0,63.546806803216626
0.024794823,0.023008943063472533,1089.3534187185467,1080.0,0.8660572887543208
-0.015407806,-0.06520226095191925,878.7949672986647,618.0,42.19983289622406
-0.060915653,0.02415454311562048,640.4508105496317,1086.0,41.02662886283318
0.0906288,0.07169694527976021,1434.1542770677086,1335.0,7.427286671738469
-0.050439257,-0.05928332734915487,695.320197827378,649.0,7.137164534264719
-0.044430953,-0.007158524976423359,726.7882724540506,922.0,21.172638562467398
-0.07873226,-0.13546573081699323,547.1375802876496,250.0,118.85503211505983
0.0077402024,-0.01727799210373021,1000.0310404578498,869.0,15.078370593538528
-0.014467171,-0.023196925706494592,883.7214765142086,838.0,5.456023450382885
-0.04891218,0.003533742176957464,703.318164204193,978.0,28.086077279734873
-0.01799986,0.06043187810030542,865.2192699537518,1276.0,32.19284718230785
0.0018336845,-0.07207586126480693,969.0960670917401,582.0,66.51135173397597
0.10480509,-0.0054401248982014405,1508.4015856135443,931.0,62.01950436235707
-0.0808642,-0.09460599562371652,535.9716995058068,464.0,15.511142134872152
-0.043695923,-0.045154260039330214,730.637938365801,723.0,1.0564230104842331
-0.037221443,-0.009258791738694592,764.5475738661564,911.0,16.07600725947789
-0.022994997,-0.0398081264626398,839.0575875565822,751.0,11.725377837094838
0.129588,-0.18167159958696036,1638.2003060971056,8.0,20377.50382621382
-0.0940765,-0.17021559906548092,466.7731996684463,67.99999999999989,586.4311759830105
-0.0087747155,-0.10835319624949186,913.5353155076185,392.0,133.04472334378025
-0.044653792,0.14520628195925336,725.6211666321421,1720.0,57.8127228702243
0.0036368899,0.13184094801752733,978.540228752716,1650.0,40.69453159074449
-0.070373625,-0.10510732943507269,590.91534544747,409.0,44.478079571508566
-0.057935115,-0.08372279512831103,656.061167970543,521.0,25.923448746745297
0.12092763,-0.08620492857463159,1592.842271303736,507.99999999999994,213.55162820939685
-0.001458247,-0.04229025990896035,951.8548066911952,738.0,28.977616082817782
-0.0791737,-0.1018614626206535,544.8255721014098,426.0,27.89332678436849
0.029255971,-0.0713121278967083,1112.7183727200647,586.0,89.88368135154688
-0.0514552,-0.0892598620470261,689.9992699424315,492.00000000000006,40.24375405333972
0.23336932,0.15570761577060954,2181.7477373877855,1775.0,22.915365486635803
-0.033119425,-0.1419574644458316,786.031604297807,216.0,263.90352050824396
-0.07311672,-0.11751799666667542,576.5485767603311,344.0,67.60133045358462
0.1336405,0.2076414848013164,1659.4250165334538,2047.0,18.93380476143362
0.024105042,0.027400409930039657,1085.7407425233666,1103.0,1.5647558909005772
-0.061964873,-0.17231586582775213,634.9555913759909,57.000000000000114,1013.9571778526134
-0.09688426,-0.06806626108228912,452.0677599649463,603.0,25.03022222803544
-0.07663955,-0.11560866324642885,558.0980107985927,354.0,57.65480531033691
0.4591626,0.2485012199945931,3364.3241793153134,2261.0,48.79806188922217
-0.06560178,-0.08410466181236036,615.9075416872088,519.0,18.671973350136568
-0.08284303,-0.08964172873107543,525.6077186417215,490.0,7.2668813554533624
-0.08139513,-0.07589452810530008,533.190999353037,562.0,5.126156698747865
0.046285823,-0.0018123913997329475,1201.9110275725332,950.0,26.516950270792965
-0.06498874,0.02167240966929993,619.1183021316383,1073.0,42.30025143227975
-0.038910627,-0.1117899964059357,755.7005886348105,374.0,102.05898091839853
-0.024818363,-0.05393719377246446,829.5078375286982,677.0,22.527007020487186
0.019580627,-0.026251859178889114,1062.0444341105765,822.0,29.20248590152999
0.20133501,0.10644681352824789,2013.9702953832352,1517.0,32.76007220720074
-0.092502706,-0.17059746574953022,475.01583331943834,66.0,619.7209595749066
0.06692567,0.05775881131196021,1310.0107655224015,1262.0,3.8043395818067727
0.16127257,-0.004485458188078153,1804.1460604063009,936.0,92.75064747930564
0.021349516,-0.02663372586293843,1071.3088658064087,820.0,30.64742265931813
-0.024391318,0.04229321060796295,831.7444554161007,1181.0,29.572865756469035
-0.13933186,-0.15608653175565626,229.75140710131086,142.0,61.79676556430343
0.4131005,0.20057695114640406,3123.077252174205,2010.0,55.37697772010971
0.48548663,0.3015806890774479,3502.1944614674117,2539.0,37.935977214155635
-0.08303767,-0.12859213050410556,524.5883106878771,286.0,83.42248625450249
-0.074289665,-0.11579959658845351,570.405360018112,353.0,61.58792068501756
-0.05662507,-0.11656332995655214,662.922446091673,349.0,89.9491249546341
-0.05821907,-0.1117899964059357,654.5739655537263,374.0,75.01977688602308
-0.051143613,-0.07875852823566994,691.6311850524357,547.0,26.440801654924268
0.048431013,-0.08314999510223707,1213.146308792514,524.0,131.51647114360955
-0.04710933,-0.11828173003477406,712.7604674474762,340.0,109.63543160219888
-0.033842903,-0.06539319429394391,782.242441832406,617.0,26.781595110600655
-0.073228456,-0.13909346431546174,575.96336541889,230.9999999999999,149.33479022462782
0.113255486,0.09098121282425062,1552.659944417506,1436.0,8.123951561107663
0.1037402,0.06291401154662596,1502.824303397225,1289.0,16.588386609559745
0.043368258,0.09518174634879309,1186.6304831980883,1458.0,18.612449712065274
-0.029050132,-0.11274466311605899,807.3442408163785,369.0,118.79247718601043
-0.05598588,-0.07551266142125077,666.2701538724222,564.0,18.13300600574861
-0.055187732,-0.08735052862677953,670.4503937575685,502.0,33.55585533019292
-0.024469798,-0.09002359541512474,831.3334182976723,488.0,70.3552086675558
0.00881258,0.11828468073377665,1005.647544555183,1579.0,36.311111807778154
-0.023035923,-0.03828065972644254,838.843240293894,759.0,10.51953100051305
-0.08036164,0.03751987705734651,538.603804286955,1156.0,53.40797540770286
-0.07763162,-0.12553719703171104,552.9020895504605,302.0,83.08016210280148
-0.09982591,-0.08066786165591652,436.6610578078198,537.0,18.685091655899473
-0.023613656,-0.04687266011755213,835.8174046042215,714.0,17.061261149050626
-0.058137245,-0.04209932656693569,655.0025235024743,739.0,11.366370297364773
-0.06331601,-0.12477346366361242,627.8791075105089,306.0,105.18925082042773
-0.1634301,-0.1621963987004453,103.53860354925075,109.99999999999989,5.873996773408311
-0.014475828,-0.07016652784456034,883.6761379513401,592.0,49.26961789718584
-0.0846151,-0.057373993928908296,516.3266343527066,659.0,21.64997961263936
-0.057803657,-0.09880652914825898,656.7496702648941,442.0,48.58589824997605
-0.08319895,-0.15933239857007542,523.7436037526118,125.00000000000011,318.99488300208907
0.034022387,-0.0839137284703357,1137.6821415101645,520.0,118.78502721349315
0.0527911,0.05279454441931911,1235.9819600709448,1236.0,0.001459541185699729
0.07491855,0.3384308240882068,1351.8729459151791,2732.0,50.51709568392463
-0.06145023,-0.11599052993047816,637.650989668896,352.0,81.15084933775456
-0.060350798,-0.09766092909611104,643.4091968958569,448.0,43.61812430711091
0.01312475,-0.08849612867892748,1028.2322314013234,496.0,107.30488536317002
0.03203606,0.13909641501446432,1127.2788851099613,1688.0,33.21807552666106
-0.12464601,-0.16238733204246994,306.6675400303683,109.0,181.3463670003379
-0.1288486,-0.12458253032158775,284.65677256514834,307.0,7.277924245880019
-0.08129781,-0.14711266468049736,533.7007033299592,188.9999999999999,182.3813245132061
-0.055825047,-0.04706359345957679,667.112499983112,713.0,6.4358345044723695
-0.0394696,-0.06749346105621515,752.773010073747,606.0,24.219968659034148
-0.06404018,-0.07608546144732474,624.0863355199308,561.0,11.24533609980941
-0.0804493,-0.1436758645240535,538.1447117063019,207.0,159.9732906793729
0.2644219,0.02491827648371911,2344.3834985765975,1090.0,115.08105491528417
-0.012620693,0.1028190800297794,893.3922773344223,1498.0,40.360996172601986
-0.11732901,-0.10243426264672748,344.98981030444463,423.0,18.442125223535548
0.2112456,0.1154206806034068,2065.876282001402,1564.0,32.08927634280065
-0.027724314,-0.028352125941160346,814.2881185312269,811.0,0.40544001618087894
-0.021525476,-0.017659858787779523,846.7541000482556,867.0,2.3351672378021195
-0.060807783,-0.11560866324642885,641.0157695281862,354.0,81.07790099666276
0.2945755,0.4067849605330342,2502.310878058516,3090.0,19.019065434999476
0.041062605,-0.08505932852248364,1174.5547874511612,514.0,128.51260456248272
-0.06876981,-0.13909346431546174,599.3151983086152,230.9999999999999,159.44380879160843
-0.09957858,-0.10472546275102337,437.9564285946756,411.0,6.558741750529336
0.08841345,0.0978548131371383,1422.5515071627894,1472.0,3.3592726112235427
0.0649558,-0.044008659987182265,1299.6937279965675,729.0,78.28446200227263
-0.13718893,-0.11255372977403433,240.97488419841466,370.0,34.87165291934739
-0.03352755,-0.09995212920040693,783.8940825097303,436.0,79.79222075911245
0.03775665,-0.03503479291202336,1157.2400902853378,776.0,49.12887761408993
0.19229849,0.09365427961259583,1966.6421232152793,1450.0,35.63049125622616
0.08539067,0.033319343532804045,1406.7199346258797,1134.0,24.049376951135773
-0.103034176,-0.11236279643200967,419.8579962026621,371.0,13.16927121365555
-0.012731442,-0.07570359476327541,892.8122363939108,563.0,58.58121427955787
-0.04570719,-0.1077803962234179,720.104075687022,395.0,82.30482928785368
0.100480594,0.2882153551357219,1485.752341921835,2469.0,39.8237204567908
0.07856313,0.03312841019077938,1370.961168643637,1133.0,21.002750983551362
-0.0803753,-0.09498786230776583,538.5322771556046,462.0,16.56542795575856
-0.02883025,-0.061765460795475416,808.4958549464451,636.0,27.12198977145363
-0.039125074,-0.08066786165591652,754.5774409762771,537.0,40.517214334502256
-0.09828471,-0.061001727427376785,444.733009695295,640.0,30.510467235110163
-0.056759097,-0.020905725602198704,662.2204812439579,850.0,22.091708088946127
0.18418904,0.09403614629664514,1924.169445293873,1452.0,32.518556838421006
-0.07967929,-0.10892599627556583,542.1775854094817,389.0,39.37727131349144
0.018725077,-0.039617193120615145,1057.563550044585,752.0,40.63345080380121
-0.07170618,-0.029115859309258977,583.9361626741986,807.0,27.641119866889884
0.12354261,0.0776158788825246,1606.5380195049497,1366.0,17.608932613832337
0.16592287,-0.07474892805315213,1828.5016534704532,568.0,221.91930518846007
-0.047666494,-0.01727799210373021,709.8423516956611,869.0,18.31503432731172
-0.017591067,-0.05088226030006994,867.3602939567977,693.0,25.16021557818149
0.22002521,0.053940144471467055,2111.858901227065,1242.0,70.03694856900684
-0.03314098,-0.09536972899181514,785.9187139590199,460.0,70.85189433891736
-0.06707398,-0.1522678649151631,608.197010580185,162.0000000000001,275.43025344455833
0.07353501,-0.0014305247156836322,1344.6267363225786,952.0,41.24230423556498
0.054584146,-0.003721724819979523,1245.3729105019763,940.0,32.48647984063578
0.17391695,-0.03942625977859048,1870.3701163881342,753.0,148.38912568235514
0.010836648,-0.019378258866001443,1016.248456602998,858.0,18.443876060955475
-0.06449977,0.014607876014387603,621.6792309784804,1036.0,39.9923522221544
0.006958246,-0.04820919351172473,995.9356000256853,707.0,40.867835930082784
-0.14478832,-0.17957133282468912,201.1735670833275,19.0,958.8082478069869
0.12070916,0.17098228313258212,1591.6980323115993,1855.0,14.194176155708934
-0.077951856,-0.15284066494123708,551.2248895326918,159.0,246.68232046081243
-0.035776123,0.05451294449754103,772.1173334912675,1245.0,37.982543494677316
-0.07823314,-0.08811426199487817,549.7516959757522,498.0,10.391906822440205
0.12875906,0.12515828104666432,1633.858808235797,1615.0,1.167728064136032
-0.053211212,-0.04916386022184802,680.8022778345733,702.0,3.019618542083581
0.1347291,0.11828468073377665,1665.1265054377645,1579.0,5.454496861163048
-0.0036672836,-0.04095372651478774,940.2851322299621,745.0,26.21276942684055
0.08117817,-0.0004758580055603445,1384.657268041895,957.0,44.6872798371886
-0.07927802,-0.10357986269887542,544.2791875443079,417.0,30.522586941081027
-0.08456078,-0.15035853149491651,516.6111039585682,172.0,200.35529299916752
0.13007791,-0.03637132630619597,1640.766229746355,769.0,113.36361895271196
-0.06936637,-0.05336439374639049,596.1907542932893,680.0,12.324889074516284
-0.08297821,-0.11770893000870009,524.8997054004662,343.0,53.03198408176858
-0.04787383,-0.09785186243813569,708.7564504347675,447.0,58.558490030149336
-0.083129704,-0.13317453071269733,524.1062732336648,262.0000000000001,100.0405623029254
-0.04398945,-0.11847266337679871,729.1006123263878,339.0,115.07392693993741
0.013095816,0.00544307559720404,1028.0806898767194,988.0,4.056749987522203
-0.075032756,-0.12190946353324254,566.513472417261,321.0,76.48394779353926
0.101681635,0.08353481248528898,1492.0427102256049,1397.0,6.803343609563699
-0.040640373,-0.06882999445038775,746.6411682135729,599.0,24.647941271047223
-0.038632832,-0.07952226160376857,757.1555199454478,543.0,39.439322273563135
-0.06067452,-0.06882999445038775,641.7137346317859,599.0,7.130840506141216
-0.1414361,-0.14023906436760966,218.7306097206466,225.0000000000001,2.786395679712666
0.24821228,0.13355934809574926,2259.486685969682,1659.0,36.195701384549864
0.36694548,0.13241374804360131,2881.343487885946,1653.0,74.30995087029318
-0.066224806,-0.09346039557156857,612.6444919050764,470.0,30.349891894697105
-0.16403396,-0.15112226486301517,100.37587905609917,167.9999999999999,40.25245294279807
0.021331063,0.02033587627512733,1071.2122183309193,1066.0,0.4889510629380219
-0.029716043,-0.1509313315209905,803.8565810134864,169.0,375.6547816647849
-0.050761845,-0.037707859700368565,693.630666891166,762.0,8.972353426356166
0.14592506,0.2939433553964616,1723.7645491757157,2499.0,31.02182676367684
-0.058460675,-0.11789986335072473,653.3085830922621,342.0,91.02590148896552
0.25137463,0.4001022935621712,2276.049294665194,3055.0,25.497568096065663
-0.13254732,-0.15169506488908913,265.28497773438676,165.0,60.77877438447682
-0.0963335,-0.09212386217739597,454.95229737713953,477.0,4.622159879006388
0.031368114,-0.056610260560809665,1123.7805723300594,663.0,69.49933217647954
-0.05822624,-0.028352125941160346,654.5364264918828,811.0,19.29267244243122
-0.059073422,-0.13432013076484528,650.099364012638,256.0,153.94506406743673
0.06423227,0.14348788188103145,1295.904272866963,1711.0,24.260416547810458
-0.072055385,-0.08983266207310008,582.1072455333039,489.0,19.040336509878088
-0.1045028,0.04821214421072733,412.166195604666,1212.0,65.9928881514302
-0.026054453,0.05852254468005884,823.0339004809814,1266.0,34.98942334273449
-0.08468513,-0.11923639674489735,515.9598285509098,335.0,54.017859268928305
-0.03687173,-0.10529826277709733,766.3791640067772,408.0,87.83803039381793
-0.026891274,-0.08410466181236036,818.6511077005504,519.0,57.73624425829487
-0.061551552,-0.1324107973445987,637.1203309349987,266.0,139.51892140413486
-0.039820615,-0.1217185301912179,750.9345911017099,322.0,133.20950034214593
0.056122556,0.0073524090174506155,1253.4302291792735,998.0,25.59421134060857
0.18964916,0.029118810008261577,1952.7664840836098,1112.0,75.6084967701088
0.08791388,-0.13374733073877132,1419.9350501610584,259.0,448.23747110465575
-0.06410594,-0.11007159632771378,623.7418892632861,383.0,62.856890147072086
-0.012609593,0.0779977455665739,893.4504150784597,1368.0,34.68929714338744
0.067833416,0.15074334887796845,1314.7650369764128,1749.0,24.82761366630001
-0.037685156,-0.08525026186450829,762.1189097283772,513.0,48.561190980190474
0.036790006,0.030646276744458835,1152.177350760773,1120.0,2.8729777464975825
-0.024339074,0.04763934418465336,832.0180769354835,1209.0,31.181300501614274
0.13122076,-0.18205346627100968,1646.7517980375892,6.0,27345.863300626486
0.047629457,-0.05279159372031651,1208.9482163909504,683.0,77.00559537202788
-0.10304814,-0.15341346496731104,419.7848691736656,156.0,169.09286485491384
-0.055439655,-0.12305506358539049,669.13096597318,315.0,112.42252888037459
-0.01754884,-0.029497725993308292,867.5814505399554,805.0,7.774093234777071
-0.028409539,-0.06653879434609186,810.6993042241106,611.0,32.684010511311065
-0.07263915,-0.16047799862222337,579.0498021096466,119.0,386.5964723610476
0.039420806,0.11561161394543144,1165.9559814644351,1565.0,25.498020353710217
-0.06421916,-0.1018614626206535,623.1489125649773,426.0,46.27908745656744
0.14868613,0.08678067929970816,1738.22543867072,1414.0,22.929663272328145
0.06372493,-0.018423592155878153,1293.2471160299901,863.0,49.854822251447295
-0.040185913,-0.12916493053017952,749.0213671592426,283.0000000000001,164.67186118701142
-0.050512955,-0.09766092909611104,694.9342127647747,448.0,55.11924392070863
0.016926572,0.054322011155516374,1048.1440063208654,1244.0,15.744050938837187
0.14206117,0.13375028143777393,1703.527717003015,1660.0,2.6221516266876455
0.024803787,-0.10033399588445624,1089.4003718122713,434.0,151.01391055582286
-0.04900389,0.04000201050366706,702.8378242023614,1169.0,39.87700391767653
0.010223979,-0.07245772794885624,1013.039647253259,580.0,74.66200814711361
0.13568848,0.06826014512331638,1670.1511986158664,1317.0,26.81482145906351
0.39273247,0.4424894954916452,3016.4010719323524,3277.0,7.952362772891293
0.02276557,0.007925209043524587,1078.7253474326412,1001.0,7.764769973290832
0.113728695,0.09976414655738487,1555.1383419589438,1482.0,4.935110793450997
-0.025651924,-0.0132683919212124,825.1421168268082,890.0,7.287402603729415
-0.09011557,-0.045154260039330214,487.51829200799847,723.0,32.570084092946274
-0.13612753,-0.13011959724030284,246.5338651465379,277.9999999999999,11.318753544410793
-0.039163027,-0.08601399523260693,754.3786634492183,509.0,48.20798888982677
-0.037415855,-0.12190946353324254,763.5293560800732,321.0,137.85961248600412
-0.06864979,-0.11369932982618228,599.9438019959708,364.0,64.81972582306891
-0.046041943,-0.05088226030006994,718.3508219982212,693.0,3.658127272470599
-0.06930009,0.043247877318086235,596.5378930606068,1186.0,49.70169535745305
-0.0022977006,-0.04057185983073843,947.458226987908,747.0,26.835104014445516
-0.043659855,-0.11236279643200967,730.8268433537264,371.0,96.9883674807888
-0.0040826774,-0.05317346040436583,938.1095360484363,681.0,37.75470426555599
-0.13089043,-0.1217185301912179,273.96282256702125,322.0,14.91837808477601
-0.10362664,-0.12400973029551378,416.7550142289307,310.0,34.43710136417119
-0.06461676,-0.06081079408535213,621.0665092019046,641.0,3.109748954461055
-0.0367523,-0.04706359345957679,767.004684964522,713.0,7.574289616342493
-0.079937756,-0.13871159763141241,540.8238768913827,233.0,132.1132518847136
0.12810513,0.02969161003433555,1630.4339346600423,1115.0,46.22725871390514
-0.005798995,-0.0195691922080261,929.1204428353144,857.0,8.415454239826651
-0.062015764,-0.04629986009147816,634.6890523303343,717.0,11.479909019479171
0.054320186,-0.04629986009147816,1243.990442848141,717.0,73.49936441396665
0.13655983,0.11332041384113556,1674.7148090967312,1553.0,7.837399169139162
-0.08091415,-0.140620931051659,535.7100967297167,223.0,140.2287429281241
0.4082469,0.3321300238013931,3097.6568296718156,2699.0,14.770538335376642
-0.09777309,-0.14577613128632474,447.41256509931395,196.0,128.2717168874051
-0.09379859,-0.1284011971620809,468.22871630749074,287.0,63.14589418379468
-0.06859318,-0.08085879499794117,600.2402903451252,536.0,11.985128795732319
0.10319575,0.11675721399757939,1499.9727785071937,1571.0,4.5211471351245285
-0.0821333,-0.12000013011299597,529.3248662020994,331.0,59.91687800667657
-0.025218086,0.10911988031659309,827.4143129258903,1531.0,45.95595604664335
0.035832737,-0.06042892740130282,1147.1637202895656,643.0,78.40804359091223
-0.029733367,0.055467611207664316,803.765845354909,1250.0,35.698732371607285
-0.08034307,-0.15284066494123708,538.7010858682187,159.0,238.80571438252747
0.33068883,0.2232980188473383,2691.4518703975846,2129.0,26.418594194344035
-0.036105614,-0.06806626108228912,770.3916487704422,603.0,27.75980908299207
0.0026786057,0.07379721204203145,973.5212827679115,1346.0,27.67301019554892
-0.04019725,-0.05317346040436583,748.9619953478134,681.0,9.979734999678913
0.44315034,0.10339188005585337,3280.461134719164,1501.0,118.55170784271579
-0.046344366,-0.013650258605261716,716.766903817601,888.0,19.28300632684673
-0.008113539,-0.028543059283185006,916.9981817747323,810.0,13.209652070954606
0.14992885,0.3172372231234698,1744.7341344703464,2621.0,33.43250154634313
0.10806916,-0.055846527192711035,1525.4969212033252,667.0,128.7101830889543
-0.06365843,-0.11102626303783707,626.0857002929796,378.0,65.6311376436454
-0.08599988,-0.11923639674489735,509.07390810384004,335.0,51.96236062801195
-0.06129538,-0.0753217280792261,638.4620207098048,565.0,13.002127559257495
-0.05940655,-0.02797025925711103,648.3546366076343,813.0,20.251582213083104
-0.076298065,-0.133365464054722,559.8865012575022,261.0,114.51590086494339
-0.09105036,-0.13546573081699323,482.62241010135733,250.0,93.04896404054294
-0.115533,-0.1413846644197576,354.39627193826516,219.0,61.82478170697039
0.032667607,-0.02033292557612473,1130.5865759386102,853.0,32.54238873840682
-0.07441482,-0.14081186439368365,569.7498702459225,222.0,156.6440856963615
-0.09241409,-0.10434359606697405,475.47995972439264,413.0,15.128319545857781
-0.058891665,-0.08410466181236036,651.0513031120881,519.0,25.4434110042559
-0.095299914,-0.12420066363753844,460.3656486175707,309.0,48.985646801802815
-0.08480478,-0.1217185301912179,515.3331759582446,322.0,60.041358993243676
-0.115980744,-0.16868813232928365,352.0512512298635,76.0,363.22533056560985
-0.04289965,-0.09136012880929734,734.8083642446546,481.0,52.76681169327539
-0.050736364,-0.05966519403320419,693.76412176799,647.0,7.227839531374032
0.078123346,0.11923934744389994,1368.6578233178225,1584.0,13.594834386501105
0.059442706,0.06615987836104514,1270.8192825637484,1306.0,2.69377622023366
0.02593489,0.17136414981663145,1095.3244415988638,1857.0,41.01645441040044
-0.05084377,0.008116142385549245,693.2015821468515,1002.0,30.81820537456572
-0.0534177,-0.07341239465897953,679.7208055586268,575.0,18.212314010195964
0.09128888,0.04859401089477665,1437.611382727749,1214.0,18.419389022055114
-0.11001026,-0.14653986465442337,383.32125072356587,192.0,99.64648475185723
0.45252347,0.3109364228366561,3329.552238005585,2588.0,28.653486785378092
-0.02890062,0.04057481052974103,808.1273029149004,1172.0,31.047158454360037
-0.11202311,-0.11503586322035488,372.77909589235253,357.0,4.419914815785022
0.018905763,-0.0054401248982014405,1058.5098797468004,931.0,13.696012862169752
-0.051220242,-0.049545726905897335,691.2298448746187,700.0,1.2528793036258972
-0.069536924,-0.15379533165136036,595.2975041221266,154.0,286.5568208585238
-0.05498791,-0.11980919677097132,671.4969414385565,332.0,102.25811489113148
-0.06159302,-0.0951787956497905,636.9031545850095,461.0,38.15686650434045
-0.08137868,-0.09212386217739597,533.2771206726716,477.0,11.798138505801168
-0.019902287,-0.0010486580316343172,855.2554390997224,954.0,10.350582903593043
0.15874347,-0.010595325132867196,1790.9000785531198,904.0,98.10841576915041
-0.063212946,-0.05279159372031651,628.4188973675573,683.0,7.991376666536268
-0.027778724,-0.04362679330313295,814.0031513962194,731.0,11.354740273080633
-0.08868492,-0.14291213115595489,495.0112370351481,211.0,134.6024820071792
-0.06350601,-0.10758946288139323,626.884010196507,396.0,58.304042978915916
-0.06705002,0.003151875492908149,608.322504990672,976.0,37.671874488660656
-0.08258039,-0.1091169296175905,526.983279420353,388.0,35.82043284029717
-0.074143104,-0.0025761247678315778,571.1729596912123,946.0,39.62230870071751
-0.08974322,-0.11751799666667542,489.4684501729552,344.0,42.287340166556746
-0.104648404,-0.11980919677097132,411.40359073397315,332.0,23.916744196979863
-0.015064952,-0.10625292948722063,880.5906426637716,403.0,118.50884433344208
-0.05078732,-0.09460599562371652,693.4972510362359,464.0,49.46061444746462
-0.026046539,0.03904734379354377,823.0753514876792,1164.0,29.28905915054302
-0.03194714,-0.05851959398105624,792.171367602424,653.0,21.312613721657574
-0.08100308,-0.12324599692741516,535.2443314052225,314.0,70.45997815452945
-0.1352405,-0.14042999770963432,251.17965573576248,224.0,12.133774882036821
-0.06147338,-0.11541772990440419,637.529748644834,355.0,79.58584468868561
0.0149395,0.009261742437697191,1037.736857486755,1008.0,2.950085068130463
-0.1160055,-0.1536043983093357,351.921581476739,155.0,127.04618159789614
-0.025334144,0.034083076900902676,826.8064688860405,1138.0,27.345652997711728
0.024574094,-0.06825719442431377,1088.1973658480595,602.0,80.76368203456137
-0.11219743,-0.1423393311298809,371.866100642923,214.0,73.76920590790796
0.05181171,-0.03446199288594939,1230.852473597021,779.0,58.004168626061734
-0.080996506,0.023008943063472533,535.2787487155613,1080.0,50.437152896707296
-0.008331558,-0.05164599366816857,915.8563231181179,689.0,32.92544602585165
-0.045507867,-0.06023799405927816,721.1480089011249,644.0,11.979504487752306
0.09970128,0.044775344054283496,1481.670729873289,1194.0,24.09302595253677
-0.07428787,-0.08353186178628638,570.4147642945197,522.0,9.27485906025282
0.21180457,0.14768841540557393,2068.803860562466,1733.0,19.37702599898823
-0.075662516,-0.11503586322035488,563.2151468431261,357.0,57.76334645465718
-0.018785112,-0.05718306058688364,861.1065672113139,660.0,30.470692001714223
0.029240547,-0.02606092583686446,1112.6375876444085,823.0,35.1929025084336
-0.114511006,-0.15665933178173022,359.74890511193075,139.0,158.8121619510293
0.14801767,0.13814174830434103,1734.7244724020393,1683.0,3.073349518837747
-0.060529333,-0.06023799405927816,642.4741347654788,644.0,0.23693559542255185
0.030883405,-0.027588392573061716,1121.2419444955287,815.0,37.57569871110782
0.06276533,-0.024724392442691853,1288.2212912169678,830.0,55.20738448397202
0.13894136,0.12133961420617118,1687.1879233211475,1595.0,5.77980710477414
-0.08277673,-0.12916493053017952,525.9549354528265,283.0000000000001,85.84980051336618
0.04091093,-0.08773239531082884,1173.7603992479617,500.00000000000006,134.75207984959232
-0.0822776,-0.10319799601482611,528.5690901628229,419.0,26.150140850315733
0.20469375,0.1293588145712068,2031.5614431557428,1637.0,24.102714914828518
-0.06925863,-0.09536972899181514,596.7550498996492,460.0,29.729358673836774
-0.110983044,-0.10968972964366447,378.226357158503,385.0,1.759387751038184
-0.11778504,-0.12534626368968638,342.60139725012834,303.0,13.069768069349289
-0.045969788,-0.11560866324642885,718.7287295288064,354.0,103.03071455615999
0.05583032,0.06444147828282322,1251.899653927489,1297.0,3.4772818868551276
0.45086095,0.3128457562569027,3320.844892621232,2598.0,27.82312904623679
-0.0687106,-0.05985612737522884,599.6253052987086,646.0,7.178745309797438
0.11351021,0.1589534825850287,1553.9940249230194,1792.0,13.281583430635077
-0.14185335,-0.14329399784000418,216.54530562360185,209.0,3.610194078278396
0.032601587,-0.08715959528475488,1130.240802937576,503.0,124.69996082257973
-0.06705165,-0.13126519729245076,608.313959195928,272.0,123.64483793967939
-0.05526304,-0.0031489247939055502,670.0559799659025,943.0,28.944222697147143
-0.14389063,-0.15704119846577955,205.87515898069785,137.0,50.273838672042224
-0.051702566,-0.12954679721422885,688.7037040461066,281.0,145.0902861374045
-0.062268924,-0.06825719442431377,633.3631469115736,602.0,5.209825068367709
-0.09214708,-0.08868706202095214,476.87838733279574,494.99999999999994,3.660931851960446
-0.09176516,-0.1005249292264809,478.878688631296,433.0,10.59554009960646
-0.0027222023,-0.01727799210373021,945.2349289800701,869.0,8.772719100123142
-0.02802708,-0.08467746183843433,812.7024053434916,516.0,57.50046615183946
-0.10215938,-0.1167542632985768,424.43967382035987,348.0,21.965423511597663
-0.0826581,-0.14921293144276856,526.5762810679339,178.0000000000001,195.82937138647952
0.12646496,-0.18205346627100968,1621.8436549571131,6.0,26930.72758261855
-0.10163871,-0.15169506488908913,427.16664082535567,165.0,158.8888732274883
0.06032065,0.042484143949987604,1275.4174469315801,1182.0,7.903337303856185
-0.029823786,-0.11522679656237954,803.2922854071265,356.0,125.64390039526026
-0.060140755,-0.1234369302694398,644.5092826151497,313.0,105.91350882273154
-0.060733736,-0.105489196119122,641.4035886197987,407.0,57.59301931690386
-0.049184706,-0.10625292948722063,701.890821372478,403.0,74.16645691624763
-0.11702445,-0.10338892935685076,346.5849082576409,418.0,17.084950177597868
0.027772842,0.01632627609260952,1104.950586739351,1045.0,5.736898252569465
0.04198609,0.053176411103368425,1179.3914731448954,1238.0,4.734129794434946
-0.037298378,-0.10701666285531926,764.1446337906934,399.0,91.51494581220386
0.09523318,-0.03637132630619597,1458.2693782003214,769.0,89.63190873866338
0.07636328,-0.06787532774026446,1359.4396032997324,604.0,125.07278200326695
-0.05371938,-0.09346039557156857,678.1407895673874,470.0,44.28527437603987
-0.083099365,-0.11961826342894666,524.2651703852516,333.0,57.43698810367916
-0.023833653,0.012125742568067054,834.665185634801,1023.0,18.410050280078107
-0.019095039,0.06310494488865062,859.4833442281554,1290.0,33.37338416836005
-0.108433746,-0.14940386478479323,391.57812736579785,177.0,121.23058043265415
0.010767038,-0.024342525758642538,1015.883879926885,832.0,22.101427875827525
0.1559136,-0.06825719442431377,1776.078860890691,602.0,195.02971111141045
-0.10835398,-0.10014306254243159,391.99589576090807,435.0,9.886000974503892
-0.06638855,-0.00868599171262062,611.7869077448545,914.0,33.06488974345137
0.033804264,0.02014494293310267,1136.5397365470367,1065.0,6.717346154651331
-0.071375415,-0.07245772794885624,585.668539649812,580.0,0.9773344223813849
-0.028829975,0.08124361238099309,808.497298756516,1385.0,41.62474377209271
0.10390014,0.18893001728289996,1503.6619863916048,1949.0,22.849564577136743
0.006063053,0.03446494358495199,991.2470877793459,1140.0,13.048501071987207
0.042226657,-0.09479692896574117,1180.6514315631202,463.00000000000006,155.0003091928985
-0.077447884,-0.11522679656237954,553.8644084736636,356.0,55.57989002069203
-0.00036502443,-0.058137727297006926,957.580483072496,655.0,46.195493598854355
-0.04705054,-0.04629986009147816,713.0683697005695,717.0,0.5483445326960223
-0.057797447,-0.10396172938292474,656.7821950133832,415.0,58.26076988274295
0.02243118,-0.01575052536753295,1076.9740058166371,877.0,22.802053114781888
-0.09726164,-0.10453452940899871,450.091262021669,412.0,9.245451947007046
0.42264444,0.6017279027402096,3173.062893354285,4111.0,22.815303007679766
-0.06407334,-0.08563212854855762,623.9126490705905,511.0,22.096408820076423
-0.006101657,0.10530121347609994,927.5352710763557,1511.0,38.614475772577386
-0.06883413,-0.12305506358539049,598.9783222993692,315.0,90.1518483490061
-0.076357745,-0.10797132956544254,559.5739358880987,394.0,42.02384159596414
-0.07037452,-0.12305506358539049,590.910662820213,315.0,87.59068660959144
-0.039512947,0.04458441071225884,752.545980695571,1193.0,36.91986750246681
0.1141095,0.0713150785957109,1557.1327899733728,1333.0,16.814162788700138
0.13121533,0.10969268034266706,1646.7233900988967,1534.0,7.348330514921561
-0.058361307,-0.1347019974488946,653.8290180899814,254.0,157.4129992480242
-0.068571806,-0.14023906436760966,600.352244158461,225.0000000000001,166.82321962598252
-0.022838349,0.02625480987789171,839.8780228738989,1097.0,23.4386487808661
-0.06372047,-0.09116919546727269,625.760764983239,482.0,29.825884851294404
-0.037405334,-0.05527372716663706,763.5844549941303,670.0,13.967829103601535
0.17220856,0.12363081431046706,1861.4225522254974,1607.0,15.832143884598468
0.16129217,0.17365534992092735,1804.2486879870162,1869.0,3.4644896743169515
-0.047070123,-0.11904546340287268,712.9658006526947,336.0,112.19220257520676
0.03991755,0.04821214421072733,1168.557649168413,1212.0,3.5843523788438088
-0.06088787,-0.12019106345502063,640.5963231916423,330.0,94.12009793686131
0.08343685,0.05718601128588623,1396.4869112374147,1259.0,10.920326547848665
-0.064541854,-0.12935586387220419,621.4588353222518,282.0,120.37547351852902
0.105024025,0.16334494945159583,1509.5482439630973,1815.0,16.829297853272877
-0.08536375,-0.07646732813137405,512.405597397181,559.0,8.335313524654552
0.3436258,0.2979529555789794,2759.208394193052,2520.0,9.492396594962376
-0.09997002,-0.12859213050410556,435.90629633778235,286.0,52.41478892929453
0.16828898,0.11866654741782597,1840.8939923746868,1581.0,16.438582692896066
-0.05207195,-0.11140812972188638,686.7690765948855,376.0,82.65135015821423
0.22499727,0.16410868281969446,2137.899693797217,1819.0,17.531593941573227
-0.04297002,-0.10090679591053021,734.4398024576366,431.0,70.40366646348876
-0.13319911,-0.1562774650976809,261.8712644202611,141.0000000000001,85.72430100727725
-0.03463761,-0.019187325523976784,778.0802105512521,859.0,9.420231600552725
0.15920804,0.15876254924300406,1793.333249719634,1791.0,0.13027636625539185
0.48800275,0.278095888008415,3515.3724671815785,2416.0,45.50382728400573
-0.05301629,-0.03828065972644254,681.8231686203824,759.0,10.168225478210491
-0.014859719,-0.021478525628272675,881.6655348728746,847.0,4.092743196325213
0.039334368,-0.09040546209917405,1165.5032689634197,486.0,139.81548744103287
0.180639,0.09575454637486706,1905.576371375947,1461.0,30.429594207799248
-0.121843114,-0.14902199810074393,321.3474984372116,179.0,79.52374214369362
0.093713425,0.09098121282425062,1450.30977034512,1436.0,0.9965021131699084
-0.015512834,0.04286601063403692,878.2448902948612,1184.0,25.823911292663748
-0.072797075,-0.1581867985179275,578.2226940484888,130.9999999999999,341.3913695026636
0.12816066,0.2885972218197712,1630.7247258127004,2471.0,34.00547447135976
-0.07827755,-0.07665826147339871,549.5190864667618,558.0,1.5198769772828329
0.13362578,0.20191348454057667,1659.347909271289,2017.0,17.73188352646064
-0.079214245,-0.08238626173413843,544.6132149553058,528.0,3.1464422263836758
-0.06544612,-0.12019106345502063,616.722787092649,330.0,86.8856930583785
0.3291449,0.12783134783500952,2683.365597475082,1629.0,64.72471439380489
-0.10969154,-0.10988066298568912,384.9905292968914,384.0,0.25795033773213427
-0.008759666,0.027782276614088972,913.6141348553742,1105.0,17.319987795893734
0.07434479,0.03160094345458212,1348.8679088949063,1125.0,19.89936967954723
0.14829189,0.05928627804815747,1736.1606341817546,1270.0,36.70556174659485
-0.0817883,-0.140620931051659,531.1317749948864,223.0,138.17568385420915
-0.024381397,0.06253214486257665,831.7964130677062,1287.0,35.3693540739933
0.098808944,0.05527667786563966,1476.9971947175668,1249.0,18.25437908066988
0.001797862,-0.029115859309258977,968.9084492165933,807.0,20.063004859553075
-0.08907604,-0.03751692635834391,492.9627436977948,763.0,35.39151458744498
-0.07131788,-0.11389026316820693,585.9698667137986,363.0,61.424205706280624
0.11779772,0.11198388044696296,1576.4495639338647,1546.0,1.9695707589821951
-0.07093105,-0.13508386413294393,587.9958834403185,251.9999999999999,133.33169977790428
-0.015755026,-0.02128759228624802,876.9764299815229,848.0,3.4170318374437345
0.05658171,0.0046793422291054095,1255.8350119180423,984.0,27.625509341264458
-0.010266692,-0.042481193250985004,905.7211910280073,737.0,22.892970288739118
-0.007798027,-0.10587106280317131,918.6506541061684,405.0,126.82732200152307
-0.07309901,-0.10071586256850557,576.6413318019131,432.0,33.48178976896137
0.12651151,0.037710810399371165,1622.0874637496265,1157.0,40.19770646064188
0.010429504,-0.03904439309454117,1014.1160710716938,755.0,34.32000941346938
-0.075549364,-0.10205239596267816,563.8077723443906,425.0,32.6606523163272
0.12809826,0.22406175221543695,1630.3979564739511,2133.0,23.563152532866802
0.38963634,0.4451625622799904,3000.185289829007,3291.0,8.836666975721448
-0.045620628,-0.119427330086922,720.5574320492852,334.0,115.7357580985884
-0.08611761,-0.14214839778785626,508.4573231597773,214.9999999999999,136.49177821385
-0.007223783,-0.021669458970297335,921.658215355197,846.0,8.94305146042517
0.00912107,0.06348681157269993,1007.2632363128366,1292.0,22.03844920179283
0.082352996,0.17632841670927255,1390.8103183013536,1883.0,26.138591699343937
-0.0913028,-0.12477346366361242,481.30027029534915,306.0,57.287670031159855
-0.049245577,-0.12267319690134118,701.5720125000653,317.0,121.31609227131396
-0.096543916,-0.05775586061295761,453.8502800741032,657.0,30.920809729969072
-0.085780196,-0.13031053058232747,510.22450766466756,277.0,84.1965731641399
0.16413747,0.0600500114162561,1819.1507590134156,1274.0,42.79048343904361
0.07994048,-0.0879233286528535,1378.174951042483,499.0,176.18736493837332
-0.036481474,-0.04782732682767542,768.4231112935018,709.0,8.381256882017185
0.07702001,-0.025679059152815143,1362.8791881294528,825.0,65.19747734902458
-0.07851503,-0.09422412893966721,548.2753026235205,465.99999999999994,17.655644339811275
0.27352828,0.1028190800297794,2392.077461977111,1498.0,59.68474379019432
0.06034842,0.020526809617151986,1275.5629010407501,1067.0,19.546663640182768
-0.010303986,-0.08085879499794117,905.5258669385506,536.0,68.94139308555049
-0.013014749,-0.047445460143626106,891.3284386373289,711.0,25.36264959737396
0.0040281136,-0.039617193120615145,980.5892354718598,752.0,30.397504717002626
-0.07112471,-0.06252919416357405,586.9815873545629,632.0,7.123166557822332
-0.081276104,-0.12076386348109461,533.8143741066224,327.0,63.24598596532795
-0.049113385,-0.043244926619083635,702.2643584509565,733.0,4.193129815694887
0.037114095,-0.05317346040436583,1153.8747446085872,681.0,69.43828848877932
-0.057274263,-0.11369932982618228,659.5223319075394,364.0,81.18745382075258
-0.08262878,-0.08906892870500145,526.729832220069,493.0,6.841750957417658
-0.089115165,-0.10644386282924528,492.75783973340816,402.0,22.57657704811148
-0.04507961,-0.15513186504553297,723.3909678462712,146.9999999999999,392.1026992151509
-0.13747972,-0.15035853149491651,239.45185968308203,172.0,39.21619749016397
-0.07657471,-0.10873506293354118,558.4375793185113,390.0,43.18912290218239
-0.026025834,0.00047880870456294325,823.1837933305721,962.0,14.429959113246138
-0.036753725,-0.06462946092584529,766.9972122718577,621.0,23.510018079204144
-0.007257827,-0.08754146196880419,921.4799121280456,501.0,83.9281261732626
-0.00015970133,0.07818867890859857,958.6558484220614,1369.0,29.974006689403847
-0.0982613,-0.133365464054722,444.8556164856402,261.0,70.44276493702691
-0.019343486,-0.0004758580055603445,858.1821201572284,957.0,10.325797266747296
-0.08394955,-0.12610999705778503,519.8123820828022,298.9999999999999,73.85029501097068
-0.004639925,-0.10167052927862885,935.1909910557893,427.0,119.01428361962279
0.13971303,-0.020714792260174045,1691.2294989066465,851.0,98.73437119937091
0.0023288627,0.02491827648371911,971.6895280036764,1090.0,10.854171742781983
-0.08200614,-0.06081079408535213,529.9908528637234,641.0,17.318119678046276
-0.09213253,-0.14558519794430008,476.9545970914031,197.0,142.10893253370716
-0.029225672,-0.006203858266300071,806.4248654873113,927.0,13.007026376773323
-0.08505022,-0.13279266402864803,514.0477167324161,264.0,94.71504421682428
-0.0713423,-0.061383594111426104,585.8419919677893,638.0,8.175236368685056
-0.076671615,-0.03656225964822062,557.9300605676424,768.0,27.352856696921563
-0.045989256,-0.06539319429394391,718.6267653202857,617.0,16.4711126937254
0.11853577,0.06463241162484788,1580.3150727345014,1298.0,21.750005603582544
0.08800854,-0.03866252641049186,1420.430823321891,757.0,87.63947467924584
-0.11016031,-0.11331746314213295,382.53534978226946,366.0,4.517855131767614
0.06099251,-0.0739851946850535,1278.9362657166782,572.0,123.59025624417453
-0.02856599,-0.006012924924275413,809.8799029869799,928.0,12.728458729851303
0.22219501,0.03656521034722322,2123.223091273241,1151.0,84.46768820792711
0.15668586,0.27752308798234104,1780.1234801839073,2413.0,26.227787808375165
-0.07716657,-0.08811426199487817,555.3377581181785,498.0,11.513606047827007
0.04186089,0.03637427700519856,1178.735749241343,1150.0,2.4987608035950437
-0.06309121,-0.10854412959151652,629.0564760904888,391.0,60.88400923030404
-0.08487992,-0.10663479617126995,514.9396401591893,401.0,28.413875351418767
-0.032227762,-0.007731325002497331,790.7016274830864,919.0,13.960649893026503
-0.07632245,-0.12057293013906994,559.7587825990681,328.0,70.65816542654517
0.06464429,0.049548677604899935,1298.0622226164483,1219.0,6.485826301595426
0.15437786,0.02434547645764514,1768.0355120513773,1087.0,62.65276099828678
-0.02078855,-0.11408119651023159,850.6136970319803,362.0,134.97615940109955
0.1441392,0.0474484108426287,1714.4112353612618,1208.0,41.92145988089916
0.051440857,-0.04305399327705898,1228.9101588327196,734.0,67.42645215704627
0.10823945,0.008116142385549245,1526.3888056082046,1002.0,52.334212136547364
0.05546725,0.002388142124809519,1249.9981170422172,972.0,28.60062932533099
-0.014600881,-0.022051325654346646,883.0211798524538,844.0,4.623362541759925
-0.071365945,-0.04018999314668911,585.7181364768422,749.0,21.79998177879276
-0.07613049,-0.1373750642372398,560.7641816930354,240.0,133.65174237209808
-0.0457414,-0.13527479747496857,719.924887150655,251.0,186.8226642034482
-0.019219436,-0.06310199418964803,858.8318249336609,629.0,36.5392408479588
-0.08531023,-0.0991883958323083,512.6859306822988,440.0,16.519529700522458
0.11238564,0.0027700088088588337,1548.1041773372967,974.0,58.942934018202955
-0.06636729,-0.045917993407428845,611.8982372078892,719.0,14.895933628944475
-0.06521842,0.010980142515919108,617.915374211214,1017.0,39.24135946792389
-0.063951656,-0.12610999705778503,624.5499546402655,298.9999999999999,108.87958349172766
0.058226205,0.05012147763097391,1264.447943830327,1222.0,3.4736451579645617
-0.015247568,-0.08773239531082884,879.6342062910601,500.00000000000006,75.926841258212
-0.068777226,-0.13164706397650008,599.2763715242761,270.0,121.9542116756578
-0.09790043,-0.09002359541512474,446.7456419122386,488.0,8.45376190322979
0.044347372,0.03675614368924788,1191.7585258619413,1152.0,3.451260925515736
-0.080139875,-0.1513131982050398,539.7652909561549,167.0,223.21274907554186
-0.039382387,-0.07952226160376857,753.2297808517184,543.0,38.71635006477318
-0.04970625,-0.03598945962214665,699.1592692949596,771.0,9.317863904674502
-0.085199334,-0.09498786230776583,513.2667325497396,462.0,11.096695357086487
0.023694335,-0.08181346170806446,1083.589689893612,531.0,104.06585497054841
-0.07440992,-0.10892599627556583,569.7755466520482,389.0,46.47186289255738
0.18555845,0.27446815450994655,1931.3416693758131,2397.0,19.42671383496816
-0.03701859,0.0461118774484561,765.6100034579244,1201.0,36.252289470614116
-0.038959924,-0.04649079343350281,755.4424002744288,716.0,5.508715122126926
0.19054082,0.28649695505749995,1957.4364682469954,2460.0,20.429411859878233
0.10197863,0.07016947854356295,1493.598200956586,1327.0,12.554498941717105
-0.07800697,-0.10300706267280145,550.9362445841929,420.0,31.175296329569736
-0.028140087,-0.09632439570193843,812.1105407691563,455.0,78.4858331360783
0.090368025,-0.02739745923103706,1432.788471762529,816.0,75.58682251991777
-0.11699806,-0.15875959854400146,346.72312380550943,128.0,170.87744047305424
-0.02796343,-0.1091169296175905,813.0357693822947,388.0,109.54530138718934
0.0266389,-0.006203858266300071,1099.0116496112175,927.0,18.555733507143206
-0.0132855,-0.04763639348565076,889.9103976495504,710.0,25.33949262669724
-0.10690955,-0.08696866194273022,399.560992269709,504.0,20.722025343311707
-0.092434965,-0.12038199679704528,475.37062037794215,329.0,44.489550266851715
-0.00045914008,-0.06653879434609186,957.0875589671991,611.0,56.64280834160379
-0.11788726,-0.1413846644197576,342.0660168670804,219.0,56.19452824980841
-0.06638759,-0.09403319559764255,611.7919415691557,467.0,31.004698408812786
0.1637683,0.18797535057277667,1817.2173022190086,1944.0,6.52174371301396
-0.06875781,-0.004676391530102811,599.37806257954,935.0,35.89539437651978
-0.057223927,-0.08200439505008912,659.7859638221073,530.0,24.4879177022844
-0.0076903277,-0.021669458970297335,919.2147204589021,846.0,8.654222276465969
0.026770266,-0.025488125810790484,1099.699664131896,826.0,33.135552558340926
-0.050452307,-0.05756492727093295,695.2518509803731,658.0,5.661375528932081
0.0957227,-0.02052385891814939,1460.8331946673052,852.0,71.45929514874474
-0.016637791,0.09747294645308897,872.3530086929238,1470.0,40.656257912046
-0.069943786,-0.15150413154706446,593.1665965450505,166.0,257.3292750271389
-0.08727567,-0.08505932852248364,502.39207216138686,514.0,2.25835171957454
-0.09445304,-0.12821026382005624,464.8011111991693,288.0000000000001,61.38927472193373
-0.017249512,0.043247877318086235,869.1491648791718,1186.0,26.715922016933234
0.05305084,0.026063876535867055,1237.342321821938,1096.0,12.896197246527185
0.0008447112,-0.02873399262520966,963.9163887069056,809.0,19.14912097736782
0.023511717,-0.012695591895138428,1082.633243765427,893.0,21.235525617629015
-0.07372186,-0.04897292687982336,573.3791795233383,703.0,18.438239043621866
0.23167731,0.13279561472765064,2172.8859433477396,1655.0,31.292202014969163
0.437891,0.565832434439574,3252.915735967557,3923.0,17.080914199144612
-0.04892229,-0.12076386348109461,703.2652114942953,327.0,115.06581391262853
-0.028232878,-0.03579852628012199,811.624552348196,772.0,5.132714034740408
-0.09421209,-0.0865867952586809,466.0630402230315,506.0,7.8926797978198575
0.02837922,-0.06023799405927816,1108.1264518552423,644.0,72.06932482224259
-0.04919129,-0.014223058631335689,701.8563455292984,885.0,20.69419824527701
-0.08317343,-0.06902092779241241,523.8772537389048,598.0,12.395108070417265
-0.08032922,-0.05393719377246446,538.773627568808,677.0,20.417484849511368
0.15589489,0.036183343663173904,1775.980837893445,1149.0,54.56752288019538
-0.063916035,-0.09365132891359323,624.7365183145623,469.0,33.20608066408578
-0.014967431,-0.09746999575408638,881.1014002318267,449.0,96.23639203381441
-0.061046787,-0.08047692831389186,639.7640057076611,538.0,18.915242696591285
0.452041,0.4067849605330342,3327.0253362501435,3090.0,7.670722855991699
-0.026270306,-0.012886525237163085,821.9033874399918,892.0,7.858364636772222
0.036851596,-0.04897292687982336,1152.4999252459381,703.0,63.94024541193999
-0.02730838,-0.04840012685374939,816.466545019488,706.0,15.646819407859486
-0.066563025,-0.08448652849640967,610.8730930356548,517.0,18.157271380204033
0.021291189,-0.08811426199487817,1071.0033829107315,498.0,115.0609202631991
-0.048873834,0.0865897459576835,703.5189903806767,1413.0,50.210970249067465
-0.11306479,-0.13680226421116584,367.3233668752457,243.0,51.16187937252909
-0.040204857,-0.050691326958045284,748.9221539942353,694.0,7.913855042397011
-0.07884245,-0.08830519533690281,546.5604464782269,497.0,9.9719208205688
-0.07863016,-0.13317453071269733,547.6723363203967,262.0000000000001,109.03524287038032
-0.08491806,-0.16181453201639598,514.7398870847853,112.0,359.58918489712977
0.21496676,0.06883294514939035,2085.3656107763136,1320.0,57.98224324062981
-0.030345675,-0.07379426134302884,800.5589285670196,573.0,39.713600098956306
-0.09902047,-0.1356566641590179,440.87948061605744,249.0,77.06003237592668
-0.0006075109,-0.02644279252091377,956.3104771263327,821.0,16.481178699918715
-0.0024174906,0.04592094410643144,946.8308354181287,1200.0,21.09743038182261
-0.07322998,-0.13355639739674666,575.9553659306594,260.0,121.52129458871515
-0.0358004,-0.09708812907003707,771.9901806502936,451.0,71.17298905771476
0.057885993,0.044011610686184865,1262.6661066043116,1190.0,6.106395512967362
0.119273655,0.1698366830804342,1584.1796840315806,1849.0,14.322353486664113
-0.06215771,-0.03904439309454117,633.9456267204481,755.0,16.03369182510621
0.13006857,-0.18205346627100968,1640.7172962915197,6.0,27245.28827152533
-0.031348687,-0.0587105273230809,795.305723178777,652.0,21.97940539551795
-0.03232387,-0.02052385891814939,790.1982645639081,852.0,7.2537248164427135
-0.08656268,-0.1369931975531905,506.12631131125283,242.0,109.14310384762513
0.03286461,-0.07436706136910282,1131.6183733437388,570.0,98.52953918311206
-0.04239762,-0.08849612867892748,737.4377179822893,496.0,48.676959270622845
-0.03017256,0.0020062754407602036,801.4656022696522,970.0,17.37468017838637
-0.01865509,0.05756787796993555,861.7875480356336,1261.0,31.658402217634134
-0.10570005,-0.14787639804859598,405.8956504229509,185.0,119.40305428267617
-0.023549138,-0.10300706267280145,836.1553146936533,420.0,99.08459873658411
-0.08312566,-0.10262519598875214,524.1274621220027,422.0,24.20082040805752
0.055576563,-0.05565559385068638,1250.5706267572236,668.0,87.21117167024306
-0.06962311,-0.14711266468049736,594.8460988545539,188.9999999999999,214.73338563733031
-0.011253452,-0.05393719377246446,900.5531070233707,677.0,33.02113840817883
-0.0077291136,0.011171075857943765,919.0115822352103,1018.0,9.723813139959695
0.18621479,0.23475401936881776,1934.779186045162,2189.0,11.613559340102235
-0.08490882,-0.11331746314213295,514.7882742331074,366.0,40.65253394347196
0.0204682,-0.0010486580316343172,1066.6930342761552,954.0,11.812687031043525
-0.027464652,-0.08162252836603981,815.6480803078086,532.0,53.31730832853546
-0.06506912,-0.04152652654086172,618.6973339412359,742.0,16.61760998096551
-0.056777,-0.06787532774026446,662.1267116331369,604.0,9.623627753830611
-0.10216978,-0.12706466376790831,424.38519925660364,293.9999999999999,44.34870723013734
-0.055395234,-0.09670626238598776,669.3636145040642,452.99999999999994,47.76238730774047
-0.09106313,-0.13451106410686994,482.55552657537015,255.0,89.23746140210595
-0.06434212,-0.10606199614519597,622.5049342514611,404.0,54.08537976521315
-0.0048104953,-0.10319799601482611,934.2976408910238,419.0,122.98273052291736
-0.055698473,-0.10644386282924528,667.775423426072,402.0,66.11328940947065
0.11948076,0.027209476588015,1585.2643756137659,1102.0,43.85339161649418
-0.027697157,-0.18167159958696036,814.4303533341578,8.0,10080.379416676971
0.027548486,-0.020714792260174045,1103.7755399620526,851.0,29.703353697068458
-0.08279131,-0.04992759358994665,525.878569606644,698.0,24.65923071538052
0.08499931,0.21623348519242597,1404.6701925879245,2092.0,32.85515331797684
0.29281247,0.2882153551357219,2493.0770492829033,2469.0,0.9751741305347638
0.2093063,0.17270068321080406,2055.719351305863,1864.0,10.28537292413427
0.036871687,0.053940144471467055,1152.6051477825918,1242.0,7.197653157601308
-0.062072773,-0.08372279512831103,634.3904763098611,521.0,21.76400696926317
-0.08989811,-0.09899746249028364,488.65722402257734,441.0,10.806626762489193
-0.0785568,-0.11427212985225625,548.0565458868318,361.0,51.81621769718333
-0.08060222,-0.14558519794430008,537.3437873358894,197.0,172.76334382532454
-0.06444131,-0.04706359345957679,621.985435779193,713.0,12.76501601974852
-0.03668234,-0.11064439635378776,767.3710810364337,380.0,101.93975816748255
-0.07100237,-0.08639586191665624,587.6223268508929,507.0,15.901839615560737
0.1337445,0.08124361238099309,1659.9696841272282,1385.0,19.853406796189763
-0.018886216,-0.05947426069117953,860.577040112337,648.0,32.80509878276806
-0.07179295,-0.1469217313384727,583.4817136989088,190.0,207.0956387888994
0.09679708,-0.005821991582250756,1466.4601907763363,929.0,57.853626563652995
0.1712047,-0.01708705876170555,1856.1648983413609,870.0,113.35228716567367
-0.052189328,-0.06596599432001789,686.1543256798318,614.0,11.751518840363486
0.13479473,0.13088628130740404,1665.4702102784267,1645.0,1.2443896825791336
0.032261264,0.06615987836104514,1128.4583803831538,1306.0,13.5943047179821
0.44872883,1.2373449983402947,3309.6780753139374,7440.0,55.51507963287718
-0.007326774,-0.09957026251635762,921.1188084004816,438.0,110.30109780832913
-0.09661756,-0.0968971957280124,453.4645876757033,452.0,0.3240238220582489
0.122694634,0.46120096301006164,1602.0968207049614,3375.0,52.53046457170485
-0.036638543,-0.12305506358539049,767.600471239185,315.0,143.68268928228096
-0.115365185,-0.13183799731852475,355.2752010744001,269.0,32.07256545516733
-0.037572127,-0.1320289306605494,762.7108913683938,267.9999999999999,184.59361618223662
0.24053304,0.1572350825068068,2219.267210240547,1783.0,24.46815536963246
0.029244892,-0.039617193120615145,1112.6603471639721,752.0,47.96015254840055
-0.085221685,-0.1410027977357083,513.1496668683151,221.0,132.19441939742765
-0.07724668,0.11752094736567803,554.9181947159531,1575.0,64.76709874819345
0.17448425,0.22940788579212734,1873.3413214264751,2161.0,13.311368744725815
-0.013032209,-0.105489196119122,891.2369908291895,407.0,118.97714762387947
0.16377348,0.26893108759123147,1817.2443834133117,2368.0,23.2582608355865
0.05182066,0.05680414460183692,1230.8993388914846,1257.0,2.076424909189769
-0.055058844,-0.11904546340287268,671.1254334985558,336.0,99.73971235076066
0.20159169,0.23876361955133557,2015.3145996249266,2210.0,8.809294134618707
-0.09002927,-0.06615692766204254,487.97028260397843,613.0,20.396364991194382
0.10522024,0.12382174765249172,1510.575924558429,1608.0,6.058711159301676
0.08301836,-0.03866252641049186,1394.2951295059977,757.0,84.1869391685598
-0.06336856,-0.07303052797493022,627.60388609348,577.0,8.77017090008319
-0.060171314,-0.09976119585838228,644.3492343176954,437.0,47.44833737247034
0.011236009,-0.08696866194273022,1018.3400837662195,504.0,102.05160392186896
0.45327953,0.23704521947311366,3333.512023701662,2201.0,51.45443088149306
0.07393095,0.10377374673990268,1346.700437803332,1503.0,10.399172468174847
-0.11266569,-0.1005249292264809,369.41361363897374,433.0,14.685077681530315
-0.083110124,-0.11751799666667542,524.2088227705926,344.0,52.386285689125764
-0.023281543,0.06291401154662596,837.5568250316672,1289.0,35.02274437302814
0.050031,-0.04076279317276309,1221.5261239111885,746.0,63.743448245467626
0.217224,0.35485109150232735,2097.1877617682226,2818.0,25.57885870233419
0.16778998,0.2597662871740479,1838.280540058779,2320.0,20.763769825052627
-0.013770549,-0.009831591764768565,887.3699894411147,908.0,2.2720275945908877
0.0051436503,-0.0537462604304398,986.4317812056819,678.0,45.49141315718022
-0.07878629,-0.16105079864829736,546.8545935137529,116.0,371.42637371875253
0.16095202,-0.013459325263237058,1802.4671824470984,889.0,102.75221399854874
-0.05860236,-0.048781993537798704,652.5665232486591,704.0,7.305891583997286
-0.051417205,-0.09403319559764255,690.1982620899062,467.0,47.79406040469083
0.03197596,-0.007731325002497331,1126.9641150035577,919.0,22.629392274598228
-0.09660964,-0.13928439765748638,453.5060679488214,230.0,97.17655128209626
0.075200446,-0.07513079473720145,1353.349339267411,566.0,139.10765711438358
-0.10442514,-0.1284011971620809,412.57292080382854,287.0,43.753630942100536
-0.053316444,-0.06825719442431377,680.2511326064266,602.0,12.99852701103432
0.34851077,0.3227742900421849,2784.793020824586,2650.0,5.0865290877202325
-0.07514188,-0.11751799666667542,565.9419577605468,344.0,64.51801097690313
0.017394181,-0.06902092779241241,1050.5930789091065,598.0,75.68446135603787
-0.06524624,-0.11198092974796035,617.7696664597344,373.0,65.62189449322638
-0.080843605,-0.1117899964059357,536.0795560202926,374.0,43.3367796845702
0.014954189,-0.018232658813853497,1037.8137891503977,864.0,20.11733670722196
-0.038285848,-0.08505932852248364,758.9728280729347,514.0,47.66008328267212
-0.10109059,-0.14214839778785626,430.0374035090347,214.9999999999999,100.01739698094647
0.15393421,0.1927486841233931,1765.7119143626765,1969.0,10.324432993261734
0.2113109,0.11102921373683966,2066.218269878737,1541.0,34.08295067350661
-0.044890124,-0.0726486612908809,724.3833921605473,579.0,25.109394155534932
-0.066624194,-0.11751799666667542,610.5527232874899,344.0,77.48625676961916
0.034102373,-0.034843859569998706,1138.1010610511419,777.0,46.473753031034995
0.08931964,0.008688942411623218,1427.297623040995,1005.0,42.0196639841786
-0.06675777,-0.08085879499794117,609.8531387752971,536.0,13.778570667033044
0.022133512,-0.01555959202550829,1075.41499335974,878.0,22.484623389492032
-0.09850497,-0.12782839713600694,443.57940544864425,290.0,52.95841567194629
-0.07116089,-0.13813879760533845,586.7920970382304,235.9999999999999,148.64071908399606
-0.05702977,0.053176411103368425,660.8028548638011,1238.0,46.62335582683351
-0.051036574,-0.0965153290439631,692.1917930898308,454.0,52.46515266295832
-0.008542007,-0.006203858266300071,914.7541107056124,927.0,1.3210236563524869
0.034241833,0.12649481444083693,1138.831472859443,1622.0,29.788441870564547
-0.0072099706,-0.020141992234100074,921.7305570685805,854.0,7.930978579459079
-0.09620031,-0.12878306384613022,455.64989177274805,285.0,59.87715500798178
-0.05518563,-0.1585686652019768,670.4613979316224,129.0,419.73751777645145
0.12261757,0.35714229160662325,1601.6932172573036,2830.0,43.40306652801048
-0.08598876,-0.1558955984136316,509.1321677912956,143.0,256.036480972934
-0.12409249,-0.13088333060840146,309.5665545651643,274.0,12.980494366848294
-0.06607244,-0.13260173068662337,613.4424896334533,265.0,131.4877319371522
0.009305918,0.09231774621842323,1008.2313646204803,1443.0,30.129496561297277
-0.06596006,-0.09346039557156857,614.0310958796557,470.0,30.64491401694802
0.11048382,0.0073524090174506155,1538.143526767613,998.0,54.122597872506304
-0.054497242,-0.07303052797493022,674.0667867881339,577.0,16.822666687718176
0.24747795,0.055467611207664316,2255.6406881159496,1250.0,80.45125504927597
-0.062452767,-0.05718306058688364,632.4002816818572,660.0,4.181775502748906
0.16177498,-0.038853459752516514,1806.7773847495728,756.0,138.9917175594673
-0.036921054,-0.030070526019382267,766.120839069767,802.0,4.473710839181166
0.12746505,0.36401589191951095,1627.0815637629828,2866.0,43.22813804037045
0.12884523,0.10358281339787802,1634.3101354595822,1502.0,8.80893045669655
0.016123232,-0.01174092518501514,1043.936568175735,898.0,16.25128821556068
0.11589126,0.09308147958652185,1566.4646417462322,1447.0,8.256022235399604
-0.04146284,-0.08162252836603981,742.3335608670367,532.0,39.536383621623436
0.12633662,0.16735454963411364,1621.1714638143737,1836.0,11.700900663705134
-0.062739864,-0.11522679656237954,630.8966315368004,356.0,77.21815492606754
0.11668958,0.004297475545056094,1570.6457596239893,982.0,59.943560043176106
0.07244052,0.05489481118159035,1338.8944201221593,1247.0,7.369239785257363
-0.022263044,-0.12076386348109461,842.89113742619,327.0,157.76487383063912
-0.06726288,-0.13527479747496857,607.2076494845728,251.0,141.91539820102503
-0.11637856,-0.15608653175565626,349.96771623187055,142.0,146.45613819145814
0.094602056,0.01938120956500404,1454.9639116196195,1061.0,37.1313771554778
-0.07675718,-0.14348493118202885,557.4819331391493,208.0,168.02016016305254
-0.04530688,-0.10090679591053021,722.2006635084939,431.0,67.56395905069465
0.114501506,0.031791876796606784,1559.1858878941955,1126.0,38.47121562115413
-0.035227086,-0.05928332734915487,774.9928763569379,649.0,19.413386187509694
-0.14418493,-0.09556066233383981,204.33379417527544,459.0,55.48283351301188
-0.055196512,0.006588675649351985,670.4044064557156,994.0,32.55488868654772
-0.05776619,-0.020714792260174045,656.9458918579085,851.0,22.803067936791017
-0.028455026,-0.13088333060840146,810.4610658069383,274.0,195.78871014851765
-0.044774603,-0.020714792260174045,724.9884266240429,851.0,14.807470431957363
-0.04871454,-0.10625292948722063,704.3532784702951,403.0,74.77748845416752
0.0026291786,0.004488408887080752,973.2624115243882,983.0,0.9905990310897052
0.08984764,0.02568200985181774,1430.0629875894979,1094.0,30.71873743962503
-0.0945465,-0.12076386348109461,464.3116205632398,327.0,41.991321273162015
-0.035809893,-0.1144630631942809,771.940466757582,360.0,114.42790743266167
0.12648322,-0.002003324741757605,1621.939258596943,949.0,70.91035390905618
-0.07399977,-0.126682797083859,571.9236628842938,296.0,93.21745367712627
0.034034457,0.10491934679205063,1137.7453569781337,1509.0,24.602693374543822
-0.069016516,-0.09957026251635762,598.0231053608393,438.0,36.53495556183545
-0.0049810493,-0.09365132891359323,933.4043760866509,469.0,99.02012283297461
-0.08405621,-0.14424866455012747,519.2537446510446,204.0000000000001,154.5361493387472
0.19035429,0.2611028205682205,1956.4595161136144,2327.0,15.923527455366807
-0.068414725,-0.10472546275102337,601.1749427456184,411.0,46.27127560720643
-0.0023739496,-0.06844812776633843,947.0588781461095,601.0,57.58051217073369
-0.020867927,-0.05966519403320419,850.1979675308216,647.0,31.406177361796235
-0.054537598,-0.02968865933533295,673.8554247003219,804.0,16.187136231303246
0.15879814,0.08315294580123966,1791.1864212098842,1395.0,28.400460301783813
0.10961725,0.03713801037329719,1533.6049293206793,1154.0,32.89470791340375
-0.08276377,-0.09326946222954391,526.0228335480527,471.00000000000006,11.682130264979337
-0.04693452,-0.1257281303737357,713.6760186309502,301.0,137.10166731925258
0.08018839,-0.12706466376790831,1379.4733655370555,293.9999999999999,369.20862773369254
-0.10716002,-0.11694519664060145,398.24919326555994,347.0,14.769219961256466
0.098566525,0.20134068451450268,1475.7275393587306,2014.0,26.726537271165313
-0.087152295,-0.10319799601482611,503.03823570095625,419.0,20.056858162519394
-0.089357406,-0.11770893000870009,491.48912090002335,343.0,43.291288892135086
0.058198757,0.028164143298138287,1264.3041871735377,1107.0,14.20995367421298
0.060342122,-0.03828065972644254,1275.5299080295354,759.0,68.05400632800203
0.4785754,0.14940681548379584,3465.997440595809,1742.0,98.96655801353668
-0.084546804,-0.15322253162528637,516.6843090313523,157.0000000000001,229.09828600723054
0.30463246,0.2918430886341904,2554.9834107586503,2488.0,2.6922592748653646
0.007004706,-0.04859106019577405,996.1789307999996,705.0,41.301975999999954
-0.062281504,-0.035607592938097336,633.2972584438785,773.0,18.072799683844956
-0.071316354,-0.13890253097343708,585.9778662020294,232.0,152.576666466392
-0.03617685,-0.01555959202550829,770.0185604437423,878.0,12.298569425541876
-0.007515163,-0.07684919481542336,920.1321324989372,557.0,65.19427872512337
0.15357126,-0.011359058500965824,1763.8110018277057,900.0,95.97900020307841
0.35731053,0.6813471063644918,2830.881155251106,4528.0,37.480539857528576
-0.05456716,-0.032552659465702814,673.700605336638,789.0,14.613358005495819
0.019070035,0.0209086763012013,1059.3702442169563,1069.0,0.9008190629601235
-0.07586092,-0.1274465304519576,562.1760328329085,292.0,92.52603864140703
-0.09395422,-0.14558519794430008,467.41362698962587,197.0,137.26580050234816
-0.08939306,-0.12992866389827817,491.30240113815125,279.0,76.09405058715099
0.1872132,0.15666228248073283,1940.008275903031,1780.0,8.989228983316352
0.4450977,0.33919455745630545,3290.660365147591,2736.0,20.27267416475114
-0.033336088,-0.07054839452860967,784.8968476258656,590.0,33.033364004384
-0.06507768,-0.09823372912218502,618.6524977852503,445.0,39.0230332101686
-0.026930459,0.0018153420987355462,818.4458818055398,969.0,15.537060701182684
-0.11497563,-0.13546573081699323,357.3154607921599,250.0,42.92618431686396
-0.05620608,-0.04820919351172473,665.1168618009219,707.0,5.924064808921934
-0.024587454,-0.09231479551942062,830.7172040616008,476.0,74.5204210213447
-0.086272135,-0.126682797083859,507.648009082196,296.0,71.50270577101216
0.0012640293,-0.07283959463290555,966.1125378418436,578.0,67.14749789651275
-0.0027774256,-0.08219532839211378,944.9457011420324,529.0,78.62867696446737
0.009621831,-0.019378258866001443,1009.885936817577,858.0,17.702323638412235
-0.08260897,-0.14997666481086722,526.8335914357049,174.0,202.77792611247406
0.35253274,0.42912416154991917,2805.8578195401087,3207.0,12.508331164948277
-0.08603691,-0.08410466181236036,508.87996929161346,519.0,1.949909577723803
-0.06516874,-0.09040546209917405,618.1755721991269,486.0,27.196619794059036
-0.116686784,-0.13508386413294393,348.35341950692066,251.9999999999999,38.23548393131778
-0.048621014,-0.11255372977403433,704.843120303269,370.0,90.49814062250513
0.031614084,-0.018614525497902813,1125.0688216212952,862.0,30.51842478205281
0.045946635,0.05623134457576295,1200.1345558569164,1254.0,4.2954899635632815
0.024614448,-0.0272065258890124,1088.408718180398,817.0,33.22016134398996
-0.08289519,-0.06310199418964803,525.3345263631705,629.0,16.480997398542044
0.023913287,-0.023005992364469936,1084.736436042426,839.0,29.289205726153277
-0.008223275,-0.11465399653630556,916.4234478117788,359.0,155.2711553793256
-0.0627875,-0.09842466246420967,630.6471255477909,444.0,42.03764088914209
-0.06047628,-0.10491639609304802,642.7519901603398,410.0,56.76877808788776
-0.37348178,-0.18186253292898502,-996.5923811403902,7.0,14337.034016291289
-0.112036705,-0.10568012946114666,372.7078809361526,406.0,8.200029326070787
-0.07782766,-0.09174199549334665,551.8753454805801,479.00000000000006,15.214059599286022
0.024575867,-0.05412812711448912,1088.2066530587858,676.0,60.97731554124051
-0.062174145,-0.1131265298001083,633.8595444227072,367.0,72.71377232226357
0.46358034,0.6697001725009877,3387.4618210299254,4467.0,24.16696169621837
-0.059240393,0.05126707768312185,649.2248638614502,1228.0,47.13152574418158
-0.045385405,-0.023005992364469936,721.7893922587027,839.0,13.970275058557483
-0.066630915,-0.11847266337679871,610.5175255392749,339.0,80.09366535081854
0.06122201,0.18950281730897392,1280.138257111651,1952.0,34.419146664362145
-0.0354509,-0.02510625912674117,773.8206586669407,828.0,6.543398711722133
0.0010041236,0.08849907937793007,964.7512999273908,1423.0,32.20300070784322
0.19636175,0.09231774621842323,1987.9231812662865,1443.0,37.763214224967875
-0.052537903,-0.05260066037829186,684.3286863780169,684.0,0.04805356403755391
-8.8652596e-05,-0.013459325263237058,959.027961201416,889.0,7.877160990035548
0.07093343,0.08869001271995473,1331.0011494864318,1424.0,6.53081815404271
-0.010656434,-0.07856759489364529,903.679946007429,548.0,64.90509963639215
-0.054905936,-0.09193292883537131,671.9262798251808,478.0,40.57035142786209
0.030496517,0.06673267838711912,1119.2156448602789,1309.0,14.498422852537901
-0.08480664,-0.16334199875259323,515.3234204847926,104.00000000000011,395.5032889276846
-0.08597248,-0.14272119781393022,509.21743062926646,212.0,140.19690124022003
-0.07144055,-0.14253026447190556,585.3274102541411,213.0,174.80160105828222
0.27251953,0.04267507729201226,2386.7942097306363,1183.0,101.75775230182893
-0.08306494,-0.16906999901333297,524.4454515346454,74.0,608.7100696414127
0.034302812,-0.08945079538905076,1139.150847549316,491.0,132.00628259660206
-0.034280293,-0.024342525758642538,779.951642045451,832.0,6.255812254152528
0.16771938,0.09518174634879309,1837.9107685930528,1458.0,26.05698001324093
-0.055162262,-0.0968971957280124,670.5837901015517,452.0,48.35924559768843
0.09762421,0.04706654415857939,1470.792245339343,1206.0,21.956239248701742
0.033183374,-0.029879592677357607,1133.2878665374803,803.0,41.13173929482944
0.0035694921,0.006015875623278012,978.1872379207615,991.0,1.2929124197011599
0.045989525,-0.055082793824612404,1200.3591853886232,671.0,78.89108575091257
0.055698942,0.02510920982574377,1251.2115808739695,1091.0,14.684837843626905
-0.13963445,-0.11694519664060145,228.1666499499737,347.0,34.24592220461853
-0.06253192,-0.08849612867892748,631.9857325929862,496.0,27.416478345360122
-0.073799476,-0.14443959789215213,572.9726884555387,203.0,182.25255588942792
-0.084061645,-0.11503586322035488,519.2252976904583,357.0,45.44125985727124
-0.0028325892,0.015753476066535547,944.6567854791451,1042.0,9.341959167068605
-0.07089792,-0.1144630631942809,588.1693747801896,360.0,63.38038188338601
-0.06735177,-0.11007159632771378,606.7420792695475,383.0,58.41829745941188
0.03792414,-0.07570359476327541,1158.1173024581453,563.0,105.70467183981268
-0.068214245,-0.13871159763141241,602.2249438642084,233.0,158.4656411434371
-0.085854955,-0.05546466050866172,509.8329619821964,669.0,23.79178445707079
0.14480013,0.05012147763097391,1717.8727895171965,1222.0,40.57878801286387
0.12241075,-0.18205346627100968,1600.6100085070827,6.0,26576.83347511805
-0.013984481,-0.09594252901788912,886.249534293254,457.0,93.92768802915842
0.08881202,0.05012147763097391,1424.6390223939509,1222.0,16.582571390667013
-0.09127708,-0.15436813167743432,481.43497387277495,151.0,218.83110852501653
-0.0973555,-0.13852066428938775,449.5996642034738,234.0,92.13660863396316
-0.020584866,-0.08467746183843433,851.6804775649078,516.0,65.0543561172302
0.12134916,0.02109960964322596,1595.0500129897205,1070.0,49.070094671936495
-0.05667288,-0.14157559776178227,662.6720425991059,218.0,203.97800119225042
0.04529913,-0.05279159372031651,1196.7432996426774,683.0,75.21863830785905
0.03455741,0.1558985491126342,1140.4842841935817,1776.0,35.7835425566677
0.028800238,-0.03503479291202336,1110.331501030554,776.0,43.08395631837035
0.02235184,0.18759348388872735,1076.5584714249474,1942.0,44.56444534372053
-0.07237787,-0.13852066428938775,580.4182609036052,234.0,148.04199183914753
-0.047815207,-0.1077803962234179,709.0634746952501,395.0,79.50974042917723
0.12544909,0.027782276614088972,1616.5230977801577,1105.0,46.291683057027846
-0.16162205,-0.1274465304519576,113.00812456346523,292.0,61.29858747826533
0.0019308545,0.14291508185495747,969.6049881919178,1708.0,43.23155806838889
0.01651202,-0.07856759489364529,1045.9728183939058,548.0,90.87095226166163
0.042315546,0.02491827648371911,1181.1169822671986,1090.0,8.359356171302627
-0.07868918,-0.11599052993047816,547.3632048776485,352.0,55.500910476604695
0.08048535,-0.05202786035221788,1381.0286611585675,687.0,101.02309478290647
-0.0707029,-0.07360332800100419,589.1907728506183,574.0,2.6464761063794877
-0.048012998,-0.1077803962234179,708.0275604803248,395.0,79.24748366590502
0.084429964,-0.0025761247678315778,1401.6882955506799,946.0,48.1700101004947
0.08650927,-0.004103591504028838,1412.578525674662,938.0,50.59472555166972
-0.07902594,-0.09594252901788912,545.5994542994133,457.0,19.3871891245981
-0.055043165,-0.12935586387220419,671.2075550740751,282.0,138.01686350144507
-0.057377215,-0.11522679656237954,658.9831273788982,356.0,85.1076200502523
-0.068029225,-0.14176653110380694,603.1939745531465,217.0,177.96957352679564
-0.06238139,-0.12076386348109461,632.7741114245393,327.0,93.50890257631173
-0.040694434,-0.0025761247678315778,746.3580253521009,946.0,21.103802816902657
0.04481666,0.12458548102059035,1194.216397887236,1612.0,25.91709690525831
-0.0930141,-0.03999905980466446,472.33744857223365,750.0,37.021673523702184
-0.012928039,-0.04782732682767542,891.7825754374683,709.0,25.780335040545594
0.08787348,-0.034843859569998706,1419.7234734528304,777.0,82.71859375197302
0.14240374,0.10530121347609994,1705.3218656365266,1511.0,12.860480849538488
-0.1351927,-0.10892599627556583,251.4299421626481,389.0,35.36505342862517
0.077562965,0.08697161264173281,1365.722869618829,1415.0,3.4824827124502464
0.107521206,0.15169801558809173,1522.6270560232037,1754.0,13.191159861846993
0.06450718,0.04993054428894925,1297.3441027046968,1221.0,6.252588264102927
-0.011817775,-0.030643326045456238,897.5975058648161,799.0,12.340113374820534
0.14179151,0.09079027948222597,1702.115358578522,1435.0,18.614310702336034
0.15893914,0.16239028274147255,1791.92487152831,1810.0,0.998625882413815
-0.08413304,-0.1297377305562535,518.8513899039885,280.0,85.30406782285306
-0.07705123,-0.05298252706234117,555.9418560562226,682.0,18.48359881873569
0.128608,0.17690121673534653,1633.0676783607303,1886.0,13.411045686069444
-0.0755751,-0.1234369302694398,563.6729907231772,313.0,80.08721748344321
-0.06851486,-0.17422519924799873,600.6504884928366,46.999999999999886,1177.9797627507194
0.20426685,0.09575454637486706,2029.3255666843227,1461.0,38.899765002349255
-0.016496386,-0.0726486612908809,873.0936052155089,579.0,50.793368776426405
0.0793621,0.08315294580123966,1375.145720448049,1395.0,1.4232458460179997
-0.07901073,-0.14921293144276856,545.6790979846758,178.0000000000001,206.56129100262666
-0.087395124,-0.1284011971620809,501.76643413796063,287.0,74.83151015259952
-0.031799126,-0.04572706006540418,792.9465765448169,720.0,10.131468964557907
-0.015393747,-0.0335073261758261,878.8686016122807,784.0,12.100586940341927
-0.0449243,-0.09823372912218502,724.2043987336492,445.0,62.742561513179595
-0.08042089,-0.11828173003477406,538.2935021873924,340.0,58.321618290409525
-0.03451965,-0.12420066363753844,778.6980246849698,309.0,152.0058332313818
-0.08997277,-0.05794679395498227,488.2661856247257,656.0,25.56917902062108
0.0015010318,0.030264410060409523,967.3538218450128,1118.0,13.47461343067864
-0.02088571,-0.10663479617126995,850.104832025775,401.0,111.99621746278676
-0.1119772,-0.1486401314166946,373.01954880199844,181.0,106.08814850939142
0.0007691921,0.04057481052974103,963.520862791266,1172.0,17.78832228743464
-0.061498065,0.023581743089546508,637.4004691106476,1083.0,41.14492436651454
0.124331735,0.0600500114162561,1610.6710233876415,1274.0,26.426296969202635
-0.07635268,-0.06730252771419049,559.6004707758884,607.0,7.808818653066157
0.14087339,0.11255668047303692,1697.3067686483298,1549.0,9.574355626102635
-0.058735967,-0.14272119781393022,651.8667631379442,212.0,207.4843222348793
-0.03360276,-0.07341239465897953,783.5001760026838,575.0,36.2609001743798
-0.08378641,-0.14310306449797955,520.6668054696257,209.9999999999999,147.93657403315524
-0.017067404,-0.0686390611083631,870.102938007631,600.0,45.01715633460517
-0.10971486,-0.10434359606697405,384.86839076927185,413.0,6.811527658771949
0.01910589,-0.0676843943982398,1059.558037080908,605.0,75.13355984808396
-0.058868807,-0.1005249292264809,651.1710222822917,433.0,50.38591738621056
-0.103790365,-0.14176653110380694,415.8975081124963,217.0,91.65783783986005
-0.12090574,-0.14806733139062064,326.25692094100407,184.0,77.31354398967612
0.03896808,0.19332148414946707,1163.584855109076,1972.0,40.99468280379939
-0.071704924,-0.14023906436760966,583.9427573742522,225.0000000000001,159.5301143885564
-0.010564222,-0.0968971957280124,904.1629004761456,452.0,100.03603992835079
-0.032117706,-0.09670626238598776,791.2780393874738,452.99999999999994,74.67506388244456
0.19878078,0.4149950942400945,2000.5926536603456,3133.0,36.14450514968575
-0.046282392,-0.015368658683483633,717.0914879302973,879.0,18.41962594649633
0.025822178,0.03942921047759308,1094.7341183893338,1166.0,6.111996707604302
-0.0884492,-0.12095479682311926,496.245772689557,326.0,52.22262965937331
-0.020849861,-0.12000013011299597,850.2925858678329,331.0,156.8859776035749
-0.05844568,-0.13718413089521514,653.387114653551,241.0000000000001,171.1149853334235
-0.07417635,-0.119427330086922,570.9988440010403,334.0,70.95773772486237
-0.085795134,-0.07589452810530008,510.14626876758217,562.0,9.226642568045877
-0.0038886075,-0.04763639348565076,939.1259637051412,710.0,32.27126249368186
0.15638934,0.04649374413250541,1778.57048685413,1203.0,47.844595748472976
0.040927276,-0.06902092779241241,1173.8460132829766,598.0,96.29531994698606
0.24981382,0.10396468008192734,2267.8746761751095,1504.0,50.7895396393025
-0.08145464,-0.08735052862677953,532.8792924652973,502.0,6.1512534791428966
0.12615496,0.08143454572301774,1620.2200319995432,1386.0,16.898992207759246
-0.071007535,0.10625588018622323,587.595284678484,1516.0,61.240416577936415
-0.0031531737,0.23303561929059585,942.9777465546307,2180.0,56.74414006630134
-0.021164002,-0.07226679460683158,848.647296003726,581.0,46.066660241605156
0.0016629476,0.012889475936165684,968.2018444218177,1027.0,5.725234233513373
-0.04350779,-0.05699212724485898,731.623280206351,661.0,10.68430865451603
0.046291802,0.0012425420726615735,1201.942342642314,966.0,24.424673151378272
-0.04489875,-0.10453452940899871,724.3382243184643,412.0,75.81024862098648
-0.12579548,-0.14539426460227542,300.6472422536449,198.0,51.8420415422449
-0.111111835,-0.1665878655670124,377.55182470213515,87.0,333.96761460015534
0.09835737,0.05565854454968898,1474.6321167557478,1251.0,17.876268325799185
-0.11139067,-0.13374733073877132,376.0914303263646,259.0,45.20904645805584
-0.06356777,-0.09804279578016036,626.5605186968373,446.0,40.48442123247474
0.01673756,-0.08104972833996583,1047.1540696523195,535.0,95.72973264529338
-0.063478015,-0.11427212985225625,627.0306154515442,361.0,73.69269126081558
-0.10112167,-0.15570466507160693,429.874604168067,144.0,198.52403067226874
0.022065703,-0.01575052536753295,1075.0598453487185,877.0,22.583790803730725
0.045143303,-0.07322146131695487,1195.9271567336796,576.0,107.62624248848604
0.21905479,0.1774740167614205,2106.7763776023394,1889.0,11.52865948133083
-0.019230194,-0.08754146196880419,858.7754773190019,501.0,71.41227092195646
0.19298495,0.05050334431502322,1970.2374444231882,1224.0,60.96711147248269
-0.10155706,-0.15551373172958227,427.5942817595994,145.0,194.89260811006858
-0.035491746,-0.044008659987182265,773.6067406450843,729.0,6.118894464346269
0.15306064,0.1032009467138287,1761.136675357457,1500.0,17.409111690497138
-0.094487935,-0.15169506488908913,464.61833264857194,165.0,181.5868682718618
-0.13995372,-0.16238733204246994,226.49448375650627,109.0,107.79310436376721
-0.026204608,-0.05756492727093295,822.2474727441187,658.0,24.961621997586427
-0.07427197,-0.0789494615776946,570.4980370159064,546.0,4.486819966283232
0.23260279,0.08143454572301774,2177.7330869090147,1386.0,57.12359934408475
-0.034594122,-0.022051325654346646,778.3079813454103,844.0,7.783414532534322
-0.067615375,-0.12534626368968638,605.3614846666147,303.0,99.78926886686955
-0.06253368,-0.13355639739674666,631.9765234260475,260.0,143.0678936254029
-0.08067008,-0.03942625977859048,536.9883759270846,753.0,28.686802665725818
0.106809214,0.09499081300676843,1518.8980458071082,1457.0,4.248321606527677
-0.11321783,-0.1369931975531905,366.5218181545322,242.0,51.45529675807114
-0.016439987,-0.016705192077656236,873.3889911961633,872.0,0.1592879812113831
-0.089018516,-0.06787532774026446,493.2640317398876,604.0,18.333769579488806
-0.025056826,-0.06081079408535213,828.2589027954741,641.0,29.213557378389098
-0.09603353,-0.10243426264672748,456.52339686564375,423.0,7.925152923320035
0.15961413,0.14711561537949994,1795.4600990197541,1730.0,3.783820752586944
0.019652212,-0.06233826082154939,1062.4193564662853,633.0,67.83876089514776
-0.07037733,-0.13680226421116584,590.8959515662473,243.0,143.16705825771493
-0.04289842,-0.06329292753167268,734.814802857133,628.0,17.008726569607173
-0.074878186,-0.10071586256850557,567.3230206262052,432.0,31.324773293103057
-0.116297655,16.28212861651521,350.39145497673337,86236.0,99.59368308481756
-0.066555455,-0.020141992234100074,610.912739279764,854.0,28.46455043562483
0.018308852,-0.04152652654086172,1055.3836017024655,742.0,42.23498675235384
-0.055947483,-0.055082793824612404,666.4712532021625,671.0,0.6749250071292803
-0.11989401,-0.14081186439368365,331.5557819450022,222.0,49.349451326577565
0.37991756,0.16563614955589173,2949.2838828450376,1827.0,61.42768926354886
0.054200456,0.1455881486433027,1243.3633610146435,1722.0,27.79539134642024
0.13614906,0.15608948245465884,1672.5634540472995,1777.0,5.877126952881288
0.036752332,-0.056610260560809665,1151.980036554732,663.0,73.75264503087962
-0.08380466,-0.12133666350716858,520.5712408516895,324.0,60.67013606533626
0.16733332,0.2628212206464424,1835.888810143489,2336.0,21.408869428788996
-0.0117868055,0.01880840953893007,897.7597052441664,1058.0,15.14558551567425
0.34691942,0.2717950877216013,2776.4584125698884,2383.0,16.511053821648698
-0.071057186,-0.11637239661452747,587.3352427781463,350.0,67.81006936518465
-0.106094375,-0.12076386348109461,403.8304166931539,327.0,23.49554027313575
-0.0669957,-0.09479692896574117,608.6069745965335,463.00000000000006,31.448590625601174
0.045524597,-0.023196925706494592,1197.9241606821531,838.0,42.95037716970801
0.08822011,0.1032009467138287,1421.5389280403615,1500.0,5.230738130642567
-0.05242862,-0.032170792781653496,684.9010400054481,791.0,13.413269278704416
-0.035770465,-0.09575159567586446,772.1469706196148,458.00000000000006,68.5910416200032
-0.054471813,-0.11484492987833021,674.1999685117011,358.0,88.32401355075449
-0.062811285,-0.1068257295132946,630.5225676627554,400.0,57.63064191568884
-0.056358133,-0.09746999575408638,664.3205029920849,449.0,47.95556859511913
-0.048838686,-0.03121612607153021,703.7030761647167,796.0,11.59509093408082
-0.048153933,-0.0716939945807576,707.2894223370497,584.0,21.111202454974265
-0.04151223,-0.16066893196424803,742.0748847329824,118.0,528.8770209601546
-0.091954984,-0.14042999770963432,477.88448882085163,224.0,113.3412896521659
-0.019890133,-0.012695591895138428,855.319093563997,893.0,4.219586387010421
0.10152768,-0.020714792260174045,1491.2364008338468,851.0,75.23341960444733
0.03898001,-0.02797025925711103,1163.6473486720097,813.0,43.13005518720907
-0.05704169,-0.11522679656237954,660.7404198337081,356.0,85.6012415263225
0.14810176,0.037328943715321854,1735.164873495558,1155.0,50.23072497797039
-0.058295097,-0.0825771950761631,654.1757861493078,527.0,24.132027732316466
-0.046965387,-0.08162252836603981,713.514350924903,532.0,34.11923889565847
0.14847483,0.05623134457576295,1737.1187777623204,1254.0,38.5262183223541
-0.08909189,-0.105489196119122,492.87974412966486,407.0,21.10067423333289
0.035996813,-0.010977191816916509,1148.023060435009,902.0,27.27528386197439
-0.051566456,-0.08773239531082884,689.4165755131411,500.00000000000006,37.8833151026282
-0.0830806,-0.18128973290291106,524.3634665357545,9.999999999999886,5143.634665357605
-0.05830978,-0.11045346301176309,654.0988935075588,381.0,71.67949960828317
-0.078027405,-0.13107426395042612,550.8292075294771,272.9999999999999,101.76894048698803
0.09832779,0.0879262793518561,1474.4771998373294,1420.0,3.836422523755592
-0.045576155,-0.013650258605261716,720.7903537334262,888.0,18.829915120109668
0.1292433,0.06348681157269993,1636.3949972019645,1292.0,26.65595953575577
0.11638303,0.004106542203031437,1569.0402428251462,981.0,59.94294014527484
0.09532736,-0.03522572625404802,1458.7626539599503,775.0,88.22743922063874
-0.011576795,-0.10835319624949186,898.8596202426738,392.0,129.30092353129433
-0.056326896,-0.06978466116051103,664.4841022818756,594.0,11.866010485164244
0.04058579,-0.0789494615776946,1172.0575033131202,546.0,114.66254639434435
-0.008677418,-0.10167052927862885,914.0449024188594,427.0,114.0620380372036
-0.0784345,-0.05355532708841514,548.6970902736929,679.0,19.190413803579844
-0.07799708,-0.12630093039980966,550.9880266372763,298.0,84.89531095210616
0.20719248,0.2269257523458068,2044.6483717697615,2148.0,4.81152831611911
-0.05213864,-0.12515533034766171,686.4197916234086,304.0000000000001,125.7959840866475
0.4100254,0.33365749053759036,3106.971511811399,2707.0,14.775452966804547
-0.073635906,-0.0739851946850535,573.829375112203,572.0,0.31982082381171756
-0.06472847,-0.14501239791822612,620.4814539480388,200.0,210.24072697401942
-0.08434483,-0.09231479551942062,517.7421535505978,476.0,8.769359989621382
0.10454826,0.03828361042544514,1507.0564619120833,1160.0,29.91866050966235
0.13474314,0.02434547645764514,1665.200022685699,1087.0,53.192274396108466
-0.08335401,-0.12362786361146447,522.9314800986763,312.0,67.6062436213706
0.10903154,0.10606494684419857,1530.5373402046318,1515.0,1.0255670102067227
0.04770311,-0.029306792651283636,1209.3339673221908,806.0,50.04143515163657
0.043013528,-0.027015592546987745,1184.772611811988,818.0,44.83772760537752
-0.054285485,-0.0739851946850535,675.1758475430024,572.0,18.037735584440984
0.0026340364,-0.02892492596723432,973.2878537991511,808.0,20.456417549399887
0.31653348,0.26625802080288624,2617.3141743514557,2354.0,11.1858187914807
-0.075578414,-0.11255372977403433,563.6556259804327,370.0,52.33935837308991
-0.013647698,-0.013841191947286374,888.013411692644,887.0,0.11425160007260574
0.0025020728,-0.09250572886144529,972.5967041131919,475.0,104.75720086593515
0.098083094,-0.005058258214152126,1473.1956037789878,933.0,57.898778540084436
-0.09164514,-0.14940386478479323,479.5072923186517,177.0,170.9080747563004
-0.12184102,0.036947077031272535,321.3584635893716,1153.0,72.12849405122537
-0.056038164,-0.05603746053473569,665.9963177326233,666.0,0.0005528929995028824
-0.063080385,-0.08830519533690281,629.1131749021921,497.0,26.582127746919937
-0.09344715,-0.0686390611083631,470.0693790384218,600.0,21.655103493596368
-0.057213224,-0.08047692831389186,659.8420187725628,538.0,22.647215385234727
-0.055456713,-0.1396662643415357,669.0416253473062,228.0,193.43930936285358
0.171797,0.15876254924300406,1859.2670608553221,1791.0,3.8116728562435593
-0.019597035,-0.04496332669730555,856.8541758445162,724.0,18.350024287916607
0.0011891958,0.003533742176957464,965.7206025501515,978.0,1.2555621114364506
-0.05874834,-0.06978466116051103,651.8019672832759,594.0,9.730970923110416
-0.10465852,-0.1648694654887905,411.35059900218164,96.0,328.4902072939392
-0.029994845,-0.05756492727093295,802.3963719917115,658.0,21.944737384758582
-0.032895878,-0.05317346040436583,787.2024171996271,681.0,15.595068604937904
-0.016067883,0.1652542828718424,875.3378616386243,1825.0,52.03628155404798
-0.077006556,-0.09575159567586446,556.1758313314963,458.00000000000006,21.435771033077778
-0.027234945,-0.10892599627556583,816.8511545603347,389.0,109.98744333170558
0.028863002,0.003151875492908149,1110.6602214639938,976.0,13.797153838523958
-0.065371335,-0.12553719703171104,617.1144888626953,302.0,104.34254598102495
-0.043981202,-0.10739852953936857,729.1438095628334,397.0,83.66342810146938
-0.057907205,-0.08486839518045898,656.2073439847484,515.0,27.418901744611336
0.13702022,0.05222174439324514,1677.1260499589253,1233.0,36.01995539001827
-0.060367655,-0.0650113276098946,643.3209098611159,619.0,3.9290645979185563
-0.0388044,0.013271342620215,756.2569432857804,1029.0,26.50564205191639
-0.03764735,-0.0753217280792261,762.3169068175598,565.0,34.92334633939112
-0.069164254,-0.0753217280792261,597.2493402285172,565.0,5.707847828056144
-0.030097572,-0.1041526627249494,801.8583478753579,414.0,93.68559127424105
0.03095954,0.05642227791778761,1121.6406897174074,1255.0,10.626239863154785
0.20487785,0.1841566837322835,2032.5256741517424,1924.0,5.640627554664364
0.03413394,-0.019187325523976784,1138.2663968152071,859.0,32.51063990863878
0.028488426,-0.1041526627249494,1108.698405508262,414.0,167.8015472242179
-0.010067277,-0.06558412763596858,906.7656168935196,616.0,47.202210534662264
0.053077675,0.03599241032114925,1237.4828786834348,1148.0,7.794675843504775
-0.10962813,-0.10128866259457953,385.3226056131989,429.0,10.181210812774149
-0.0021154606,-0.06386572755774665,948.4126964132847,625.0,51.74603142612556
-0.14931385,-0.1373750642372398,177.4714346528865,240.0,26.053568894630626
-0.07921907,-0.16964279903940693,544.5879287681181,71.0,667.0252517860819
-0.06622173,-0.1562774650976809,612.6606079472192,141.0000000000001,334.51106946611253
-0.010990122,-0.07245772794885624,901.9322773271795,580.0,55.505565056410255
0.047617666,0.04362974400213555,1208.886464243999,1188.0,1.758119885858497
0.023560284,-0.05546466050866172,1082.8876079802155,669.0,61.866608068791564
-0.04542518,0.012125742568067054,721.5810738786079,1023.0,29.46421565213999
-0.08602044,-0.10090679591053021,508.96624669882334,431.0,18.08961640343929
-0.059982184,-0.038853459752516514,645.3397855810688,756.0,14.637594499858627
-0.07255259,-0.13909346431546174,579.50315847191,230.9999999999999,150.8671681696581
0.3356167,0.5047337649916835,2717.261263137454,3603.0,24.583367662019036
-0.07989056,-0.02128759228624802,541.0710805886574,848.0,36.1944480437904
0.05777339,-0.07551266142125077,1262.076349212242,564.0,123.77240234259608
-0.084298216,0.022245209695373903,517.9862745182616,1076.0,51.86001166187161
-0.08423271,-0.16276919872651927,518.329355008623,107.0,384.4199579519841
-0.074462876,-0.12095479682311926,569.4981790308598,326.0,74.69269295425146
-0.037110064,-0.04057185983073843,765.1309121566948,747.0,2.4271636086606105
-0.010106492,-0.09708812907003707,906.5602300331971,451.0,101.01113747964459
-0.07427268,-0.08983266207310008,570.4943299359945,489.0,16.66550714437516
-0.052035544,-0.10720759619734392,686.9597570789791,398.0,72.6029540399445
-0.030396603,-0.046681726775527475,800.2921944118939,715.0,11.928978239425717
0.0007421316,-0.15150413154706446,963.3791352729548,166.0,480.3488766704548
0.04139987,-0.018423592155878153,1176.3211915181753,863.0,36.306047684608956
-0.06445892,-0.10930786295961514,621.8931880222306,387.0,60.69591421763063
0.13910656,0.042484143949987604,1688.053116750662,1182.0,42.81329244929458
-0.040421486,0.09079027948222597,747.787572920816,1435.0,47.88936774070968
0.03335727,-0.06386572755774665,1134.1986375389629,625.0,81.47178200623406
0.08270576,-0.041717459882886374,1392.6578879074887,741.0,87.9430348053291
-0.07477398,-0.0627201275055987,567.8687808330062,631.0,10.004947570046559
0.1174594,0.04229321060796295,1574.6776577798237,1181.0,33.33426399490463
-0.082042195,-0.06787532774026446,529.8020259195857,604.0,12.284432794770575
-0.025150659,-0.002003324741757605,827.7674610648542,949.0,12.774767011079646
0.061331432,-0.05126412698411925,1280.7113521550646,691.0,85.34172968958967
-0.071157634,-0.14443959789215213,586.8091496058246,203.0,189.0685466038545
-0.05475834,-0.044390526671231584,672.6993035415205,727.0,7.469146693050822
-0.09110027,-0.1665878655670124,482.36100243473646,87.0,454.43793383303046
-0.017466383,-0.1131265298001083,868.0133155942038,367.0,136.51588980768497
-0.092667595,-0.1347019974488946,474.1522397875699,254.0,86.67411015258656
0.14155251,0.0002878753625382857,1700.8636142689438,961.0,76.98892968459353
0.19180289,0.11790281404972734,1964.046464882948,1577.0,24.543212738297267
0.013994011,-0.05088226030006994,1032.7849255073952,693.0,49.031013781730906
0.11074617,0.20974175156358763,1539.5175656923857,2058.0,25.19350992748369
-0.030165775,-0.07665826147339871,801.501141459438,558.0,43.63819739416452
-0.055640403,-0.044008659987182265,668.0795600664128,729.0,8.356713296788367
0.3424432,0.6213940369687493,2753.01452703267,4214.0,34.669802395997394
-0.051912036,-0.119427330086922,687.6066230126371,334.0,105.87024641096919
0.051446714,0.039238277135568427,1228.9408300412529,1165.0,5.488483265343594
-0.0867085,-0.1234369302694398,505.3625748056395,313.0,61.45769163119472
0.027897442,-0.06692066103014117,1105.6031693804516,609.0,81.54403438102655
-0.09247511,-0.15952333191210008,475.1603704141038,124.0,283.19384710814825
-0.09853585,-0.1280193304780316,443.4176596988094,288.9999999999999,53.431716158757645
0.0077486215,-0.12553719703171104,1000.0751351978531,302.0,231.15070701915664
-0.11418665,-0.17288866585382612,361.4476842369754,54.0,569.3475634018063
-0.003904194,-0.03274359280772747,939.0443299032945,788.0,19.168062170468847
-0.110527076,-0.06119266076940145,380.6144580376688,639.0,40.43592205983274
0.007958803,0.09728201311106432,1001.1759476999181,1469.0,31.846429700482094
-0.044214416,-0.11980919677097132,727.9223657537972,332.0,119.2537246246377
-0.13331626,-0.09097826212524802,261.2576841620215,483.0,45.90938216107215
-0.04152224,0.02415454311562048,742.0224588186511,1086.0,31.67380673861408
0.24940276,0.3533236247661301,2265.721760249926,2810.0,19.369332375447478
-0.0874746,-0.1436758645240535,501.35018759670896,207.0,142.1981582592797
0.12881418,0.12057588083807254,1634.1474922061898,1591.0,2.7119731116398356
-0.124894455,-0.06787532774026446,305.3663159594413,604.0,49.442662920622304
0.10614585,0.004106542203031437,1515.4237314918985,981.0,54.4774445965238
-0.07652638,-0.004294524846053496,558.6907143436449,937.0,40.374523549237466
-0.07559109,-0.04209932656693569,563.5892497390649,739.0,23.73623142908458
0.44910848,0.2966164221848068,3311.666474934826,2513.0,31.781395739547396
0.16150959,-0.04381772664515761,1805.387424892126,730.0,147.31334587563373
-0.030464849,0.06978761185951364,799.9347636200846,1325.0,39.62756500980494
-0.0723751,-0.06424759424179596,580.4327770481018,623.0,6.832620056484464
-0.032614987,-0.04229025990896035,788.6735621071417,738.0,6.866336328880992
-0.09782302,-0.15952333191210008,447.1510793889054,124.0,260.6057091846011
-0.09871648,-0.12267319690134118,442.47161290532426,317.0,39.580950443319956
-0.08489669,-0.06921186113443706,514.8518018762271,597.0,13.760167189911707
-0.04330701,-0.1167542632985768,732.6748422006933,348.0,110.53874775881991
-0.092309445,-0.013650258605261716,476.02802222292826,888.0,46.393240740661234
-0.016685773,-0.041908393224911036,872.1017076967992,740.0,17.85158212118908
-0.12677991,-0.09708812907003707,295.49135746855995,451.0,34.480852002536594
-0.08751117,-0.14653986465442337,501.1586681418985,192.0,161.02013965723881
0.07047388,0.022818009721447877,1328.5942790763443,1079.0,23.13199991439706
-0.09293148,-0.08276812841818774,472.7701623526724,526.0,10.119740997590798
0.15274905,0.14386974856508075,1759.504701714612,1713.0,2.7148103744665564
-0.012116872,-0.09460599562371652,896.0310060820444,464.0,93.11013062113027
-0.066922925,-0.06424759424179596,608.9881404552516,623.0,2.2490946299756667
0.048057634,-0.0537462604304398,1211.1907656062117,678.0,78.64170584162414
-0.012182621,-0.05279159372031651,895.6866476246608,683.0,31.14006553801769
0.09324093,0.04993054428894925,1447.8351189054877,1221.0,18.577814816174257
-0.0490666,-0.07627639478934939,702.509396433125,560.0,25.44810650591517
0.041305646,0.0195721429070287,1175.8277011381304,1062.0,10.718239278543347
-0.08731957,-0.14673079799644803,502.1621551630692,191.0,162.91212312202578
0.13898435,0.08219827909111638,1687.4130796484205,1390.0,21.39662443513817
0.094368584,0.08372574582731364,1453.741121555247,1398.0,3.987204689216523
-0.069837674,-0.1536043983093357,593.7223463566663,155.0,283.04667506881697
-0.06107699,-0.09040546209917405,639.6058109501628,486.0,31.606133940362714
-0.11062229,-0.11770893000870009,380.11579725669424,343.0,10.820932144808815
-0.16542579,-0.12381879695348913,93.0862771175839,311.0,70.06872118405663
-0.12364215,-0.14787639804859598,311.9251939145049,185.0,68.60821292675942
-0.03840768,-0.07436706136910282,758.3347420653837,570.0,33.041182818488366
0.006435009,-0.007731325002497331,993.1951826616676,919.0,8.07346927765697
-0.04698488,0.00544307559720404,713.412250139754,988.0,27.792282374518827
-0.01217833,-0.039235326436565826,895.7091242354943,754.0,18.794313559084124
-0.17239143,-0.12439159697956309,56.604240333606754,308.0,81.62199989168612
0.21732453,0.20725961811726706,2097.7142451594823,2045.0,2.577713699730185
-0.06058771,-0.08238626173413843,642.1683787165448,528.0,21.622798999345605
-0.05424178,-0.12381879695348913,675.4047499720812,311.0,117.17194532864346
0.016504554,-0.016132392051582265,1045.93371845631,875.0,19.53528210929258
-0.015319122,0.32029215659586435,879.2594449006633,2637.0,66.65682802803704
0.011806201,-0.10606199614519597,1021.3264244216215,404.0,152.80357040139145
0.26460576,0.04191134392391363,2345.346402828208,1179.0,98.92675172419065
-0.015533035,-0.10510732943507269,878.1390921852739,409.0,114.70393451962686
0.011946811,-0.02644279252091377,1022.0628602347794,821.0,24.489995156489567
-0.10321635,-0.12076386348109461,418.9038718771586,327.0,28.105159595461355
-0.011400956,0.005252142255179382,899.7805662029668,987.0,8.83682206656871
-0.011952044,-0.06119266076940145,896.8942776832889,639.0,40.359041890968534
0.009780468,0.004297475545056094,1010.7167909805404,982.0,2.9243168004623623
-0.07746235,-0.030261459361406923,553.7886279558882,801.0,30.8628429518242
0.1562851,0.005824942281253354,1778.0245705597538,990.0,79.5984414706822
-0.013837241,0.03465587692697664,887.0206947141644,1141.0,22.259360673605226
-0.024224687,-0.08467746183843433,832.6171703156467,516.0,61.35991672783852
0.4767691,0.47571189700393557,3456.5369726609583,3451.0,0.16044545525813755
0.008161655,0.07608841214632733,1002.2383675362125,1358.0,26.197469253592597
0.0020490352,-0.055082793824612404,970.2239510326345,671.0,44.593733387874
-0.07320422,-0.12133666350716858,576.0903036394479,324.0,77.80564927143455
0.08336316,0.013080409278190342,1396.100984707652,1028.0,35.80748878479106
-0.093409814,-0.1306923972663768,470.2649177482945,275.0,71.00542463574347
0.13610587,0.236281486105015,1672.3372051069996,2197.0,23.880873686527103
-0.08375911,-0.11751799666667542,520.8098207104326,344.0,51.398203694893205
-0.09007846,-0.15245879825718775,487.71266006105697,161.0,202.92711805034594
-0.050788343,-0.04897292687982336,693.4918855258372,703.0,1.3525056151013892
-0.0495012,-0.09460599562371652,700.233210345401,464.0,50.91232981581917
0.010186254,0.001433475414686231,1012.842064771698,967.0,4.740647856432059
-0.09562017,-0.12381879695348913,458.68833153412066,311.0,47.488209496501824
-0.095169626,-0.12305506358539049,461.04802447459406,315.0,46.36445221415684
-0.069159135,-0.07379426134302884,597.2761482695635,573.0,4.236675090674252
0.20952211,0.12324894762641775,2056.8496594819103,1605.0,28.152626758997528
-0.027879747,-0.10835319624949186,813.4740535380745,392.0,107.51889120869247
0.2400844,-0.004103591504028838,2216.9174678829945,938.0,136.34514582974356
-0.07669644,-0.10892599627556583,557.8000396174734,389.0,43.39332637981322
-0.05679246,-0.1108353296958124,662.045741203485,379.0,74.68225361569526
-0.02601049,-0.06902092779241241,823.2641589208699,598.0,37.669591792787614
-0.06645099,-0.1635329320946179,611.4598652528482,103.0,493.65035461441573
0.1258864,0.13775988162029174,1618.8134488153341,1681.0,3.6993784166963626
0.18216066,0.10090974660953282,1913.5459688359633,1488.0,28.59851941101904
-0.0007336044,-0.08887799536297679,955.6500712052404,494.0,93.45143141806484
-0.074601896,-0.13985719768356036,568.7700695142933,227.0,150.55950198867544
-0.052478082,-0.03789879304239323,684.6419931634026,761.0,10.03390365789716
0.055866618,0.003724675518982122,1252.0897685941222,979.0,27.894766965691748
-0.072894454,-0.10720759619734392,577.7126778964162,398.0,45.1539391699538
-0.053301096,0.01155294254199308,680.3315177076715,1020.0,33.30083159728711
-0.080296166,-0.1356566641590179,538.9467286897411,249.0,116.44446935330967
0.0033876114,-0.027588392573061716,977.2346500823269,815.0,19.906092034641336
-0.089190744,-0.10014306254243159,492.3620016426181,435.0,13.186667044280027
-0.10137566,-0.16009613193817407,428.54434780814677,121.0,254.1688824860717
-0.036434762,-0.08639586191665624,768.667759056732,507.0,51.61099784156451
0.085445754,0.021481476327275276,1407.0084234868034,1072.0,31.250785773022706
-0.11152922,-0.13432013076484528,375.365779189108,256.0,46.627257495745326
-0.04625152,-0.06978466116051103,717.2531751472914,594.0,20.749692785739285
-0.006677667,-0.08945079538905076,924.5184591996262,491.0,88.29296521377317
-0.09319356,-0.14272119781393022,471.3975282160764,212.0,122.35732463022472
-0.04094379,0.09938227987333556,745.0520406101293,1480.0,49.65864590472099
-0.12860379,-0.18090786621886173,285.9389539518969,12.0,2282.8246162658074
0.07295926,-0.01651425873563158,1341.611280456659,873.0,53.67826809354628
-0.027710838,0.07417907872608076,814.3586993816525,1348.0,39.58763357702875
-0.14017782,-0.12706466376790831,225.32078323454436,293.9999999999999,23.360277811379436
-0.059997387,-0.11541772990440419,645.2601614067532,355.0,81.7634257483812
0.05301512,0.03465587692697664,1237.1552508630216,1141.0,8.4272787785295
0.05806262,-0.000284924663535687,1263.5911791298747,958.0,31.898870472847047
0.057635136,0.045539077422382127,1261.3522589507377,1198.0,5.288168526772761
-0.045099683,-0.11522679656237954,723.2858428643519,356.0,103.17018057987414
0.06669256,0.003724675518982122,1308.7898875308256,979.0,33.68640322071762
-0.12509347,-0.10988066298568912,304.32396313203765,384.0,20.748967934365194
-0.04810521,-0.084295595154385,707.5446060116082,518.0,36.59162278216373
-0.061908264,-0.1217185301912179,635.2520797251454,322.0,97.28325457302654
0.00065236713,0.04267507729201226,962.9090001060712,1183.0,18.60448012628308
-0.07341185,-0.1306923972663768,575.0028415028021,275.0,109.09194236465531
0.0019784486,-0.009640658422743907,969.8542588301301,909.0,6.6946379351078225
-0.041802205,-0.07933132826174391,740.5561526259687,544.0,36.13164570330307
-0.066313684,-0.02663372586293843,612.178999733839,820.0,25.344024422702567
-0.05525316,-0.061001727427376785,670.1077229970922,640.0,4.704331718295656
-0.12496767,-0.07799479486757131,304.9828478089885,551.0,44.649210923958535
-0.10547778,-0.12133666350716858,407.05979058092987,324.0,25.635737833620333
-0.03597385,-0.10606199614519597,771.0817509624396,404.0,90.86181954515833
-0.068409786,-0.14272119781393022,601.2008142612132,212.0,183.58528974585525
0.34744173,0.29222495531823967,2779.194003413416,2490.0,11.614217004554856
0.46183607,0.2845876216372534,3378.3263274267088,2450.0,37.890870507212604
0.12376665,-0.023005992364469936,1607.711446873655,839.0,91.62234170126996
-0.102551356,-0.11236279643200967,422.3867319871124,371.0,13.850871155555902
-0.053449392,-0.01976012555005076,679.5548259333139,856.0,20.612753979753055
0.047285274,-0.03656225964822062,1207.1455804955353,768.0,57.18041412702283
-0.034336224,-0.0892598620470261,779.6587046886331,492.00000000000006,58.46721640012865
0.006342141,-0.06558412763596858,992.7087918274273,616.0,61.154024647309626
-0.02936833,0.03446494358495199,805.677703531093,1140.0,29.326517234114647
-0.08426349,-0.1513131982050398,518.1681555653015,167.0,210.28033267383321
-0.035258297,-0.06462946092584529,774.8294136437755,621.0,24.77124213265306
-0.07714507,-0.07856759489364529,555.4503753037088,548.0,1.359557537173143
-0.08012069,-0.13031053058232747,539.8657723327109,277.0,94.89739073383065
0.023694364,0.02644574321991637,1083.5898459811872,1098.0,1.312400183862734
-0.052318763,-0.05928332734915487,685.4764178296494,649.0,5.62040336358235
0.08472958,-0.04629986009147816,1403.2575219882815,717.0,95.71234616294024
0.29493028,0.1629630827675465,2504.1689445540856,1813.0,38.12294233613268
-0.07974428,-0.13317453071269733,541.8371974297932,262.0000000000001,106.80809062205836
-0.047513373,-0.04763639348565076,710.6443101462595,710.0,0.09074790792387318
0.12217562,0.005634008939228697,1599.3785165603908,989.0,61.716735749281185
-0.049792808,-0.09365132891359323,698.7059324436433,469.0,48.97781075557426
0.0026732562,-0.06558412763596858,973.4932650481572,616.0,58.03462094937617
-0.014930634,-0.06405666089977131,881.2941244876085,624.0,41.23303277045009
0.1143451,-0.03751692635834391,1558.3667402993747,763.0,104.24203673648422
-0.0055033653,-0.031025192729505553,930.6687828042551,797.0,16.771490941562746
-0.042957384,-0.045917993407428845,734.5059835895352,719.0,2.1566041153734576
-0.084149,-0.0991883958323083,518.7677659855576,440.0,17.901764996717638
-0.10761684,-0.14615799797037407,395.85660486860627,193.9999999999999,104.04979632402399
-0.07404007,-0.10243426264672748,571.7125934606854,423.0,35.15664148006748
-0.06156697,-0.0031489247939055502,637.0395751257628,943.0,32.44543211815877
-0.063279204,-0.1018614626206535,628.0718756659212,426.0,47.43471259763408
-0.046527654,-0.13451106410686994,715.8069457189733,255.0,180.70860616430326
-0.027023684,-0.1180907966927494,817.9576203592652,341.0,139.87026990007777
0.08639602,0.11561161394543144,1411.9853928887778,1565.0,9.777291189215473
0.11067633,-0.014413991973360346,1539.151813481722,884.0,74.11219609521741
0.16519625,0.0888809460619794,1824.696082298706,1425.0,28.048847880610943
0.092530064,-0.07646732813137405,1444.112000995357,559.0,158.3384617165218
-0.111001186,-0.08715959528475488,378.1313388470802,503.0,24.824783529407515
-0.08836481,-0.14329399784000418,496.68777368072205,209.0,137.64965247881437
-0.06732443,-0.05890146066510556,606.8852896198234,651.0,6.776453207400396
0.15656345,0.004297475545056094,1779.4823504686392,982.0,81.210015322672
-0.03830357,-0.014032125289311031,758.8800144985121,886.0,14.347628160438816
-0.08894324,-0.13947533099951104,493.6582699330315,229.0,115.57129691398755
-0.09448149,-0.15245879825718775,464.652086586716,161.0,188.60378048864348
0.038719468,-0.045154260039330214,1162.2827725564853,723.0,60.758336453179155
-0.060182102,-0.09842466246420967,644.2927306154613,444.0,45.11097536384264
-0.052873053,-0.06405666089977131,682.5733645288442,624.0,9.386757136032724
-0.041991033,-0.10453452940899871,739.5671817492946,412.0,79.5065975119647
0.16956183,0.16659081626601502,1847.5604927128734,1832.0,0.849371872973438
0.115150526,0.13317748141169994,1562.5850850638246,1657.0,5.697942965369665
-0.09183934,-0.1234369302694398,478.4901476346481,313.0,52.87225164046265
0.1730551,0.012889475936165684,1865.8562197999809,1027.0,81.68025509250057
-0.04501879,-0.13126519729245076,723.7095230763741,272.0,166.06967760160813
-0.057141572,-0.1413846644197576,660.2172923253158,219.0,201.46908325356887
-0.06898766,-0.030070526019382267,598.1742371555583,802.0,25.414683646439112
-0.07013242,0.09384521295462049,592.1786402376155,1451.0,59.18823981822084
0.14648974,0.033319343532804045,1726.7220185074364,1134.0,52.26825560030303
0.05755803,0.16544521621386707,1260.948421371717,1826.0,30.944774295086695
0.10192337,-0.044008659987182265,1493.3087755702109,729.0,104.8434534389864
0.27529716,0.34912309124158764,2401.34188391747,2788.0,13.868655526633066
0.34661222,0.2452553531801739,2774.84946184439,2244.0,23.656393130320417
-0.0948589,-0.13374733073877132,462.6754325558635,259.0,78.63916314898205
0.013425193,-0.0753217280792261,1029.805779513664,565.0,82.2665096484361
0.13172068,0.031791876796606784,1649.3700890683294,1126.0,46.4804697218765
-0.07613341,-0.023578792390543907,560.7488851106625,836.0,32.92477450829396
0.03658549,-0.032552659465702814,1151.1062192866857,789.0,45.89432437093608
-0.08502944,-0.11694519664060145,514.1565487942471,347.0,48.17191607903374
0.119820245,-0.04572706006540418,1587.042408205135,720.0,120.42255669515762
-0.018347504,-0.10224332930470283,863.3985083886629,424.0,103.63172367657143
0.16111493,0.05718601128588623,1803.3204351771078,1259.0,43.23434751208164
-0.048032477,-0.08104972833996583,707.9255377389634,535.0,32.32253041849783
0.05156875,0.011171075857943765,1229.5799891508836,1018.0,20.783888914625113
0.013282151,-0.07971319494579322,1029.0566079299147,542.0,89.86284279149717
-0.07499656,-0.10816226290746721,566.7030407773811,393.0,44.19924701714533
-0.06666969,-0.13928439765748638,610.3144556038972,230.0,165.3541111321292
-0.06252862,-0.1180907966927494,632.0030192919432,341.0,85.33812882461679
0.0027304315,-0.10854412959151652,973.7927166223727,391.0,149.05184568347127
-0.038499888,-0.01250465855311377,757.8518071076138,894.0,15.229104350378769
0.0030048077,-0.05622839387676035,975.2297429809231,665.0,46.65108917006363
-0.09997247,-0.11847266337679871,435.8934581347195,339.0,28.58214104269011
-0.016040614,-0.008304125028571304,875.4806817699622,916.0,4.423506356991028
-0.013738248,0.04935774426287528,887.5391639839833,1218.0,27.1314315284086
-0.08087331,-0.11465399653630556,535.9239757296793,359.0,49.282444492946894
-0.0972299,-0.09479692896574117,450.2574952892918,463.00000000000006,2.752160844645412
0.02343359,-0.03579852628012199,1082.2240601869546,772.0,40.18446375478686
-0.046891257,-0.09441506228169186,713.9025992573473,465.0,53.527440700504805
-0.042255264,-0.09861559580623433,738.183289796335,443.0,66.63279679375508
0.104080945,0.10644681352824789,1504.6089306886474,1517.0,0.8168140613943683
-0.054441765,-0.0739851946850535,674.3573438094294,572.0,17.894640526124018
-0.022416757,-0.03274359280772747,842.0860767350338,788.0,6.863715321704793
-0.12060152,-0.161241731990322,327.85026290897906,115.00000000000011,185.08718513824238
-0.05145554,-0.054319060456513774,689.9974944462632,675.0,2.22185102907603
-0.07835345,-0.12152759684919323,549.1215704345382,323.0,70.0066781531078
-0.07920246,-0.11713612998262611,544.6749475913103,346.0,57.42050508419374
-0.07412852,-0.13852066428938775,571.249325537395,234.0,144.12364339204913
-0.04556009,-0.0965153290439631,720.8744849364766,454.0,58.78292619746182
-0.0696266,-0.11026252966973844,594.8278366082516,382.0,55.71409335294544
-0.087353356,-0.10262519598875214,501.98519087464916,422.0,18.953836700153833
-0.039333556,-0.11732706332465077,753.4855303437371,345.0,118.40160299818466
0.002020559,-0.08563212854855762,970.0748093544997,511.0,89.83851455078272
0.03779799,-0.036180392964171304,1157.4566032631324,770.0,50.31903938482238
-0.060996257,-0.08219532839211378,640.028652191468,529.0,20.988403060769006
0.15762815,0.0865897459576835,1785.0586571376132,1413.0,26.331115154820466
0.03412339,-0.009831591764768565,1138.2111418135746,908.0,25.353649979468567
-0.07306229,-0.06615692766204254,576.8336316945997,613.0,5.899896950309997
-0.0762315,-0.1329835973706727,560.2351228567843,263.0,113.01715697976589
-0.034052156,-0.0048673248721274685,781.1464924338569,934.0,16.36547190215665
-0.051773526,-0.044772393355280896,688.3320595294776,725.0,5.0576469614513595
0.026685964,0.06291401154662596,1099.2581411589301,1289.0,14.720082144380905
0.06693501,0.16563614955589173,1310.059698977237,1827.0,28.294488288054893
-0.069400236,-0.07875852823566994,596.0133997859313,547.0,8.960402154649225
0.08997698,0.05966814473220679,1430.7404076660077,1272.0,12.479591797642119
-0.12101252,-0.13680226421116584,325.6976981808393,243.0,34.03197456001618
0.03204877,-0.0627201275055987,1127.345456460798,631.0,78.66013573071284
-0.04103992,-0.12992866389827817,744.5485606252695,279.0,166.8632833782328
0.13215299,0.1990494844102068,1651.6342954346542,2002.0,17.500784443823466
-0.04399141,-0.047445460143626106,729.0903495683162,711.0,2.544352963194971
0.14935923,0.08716254598375747,1741.750754601137,1416.0,23.004996793865608
0.14499468,-0.010404391790842538,1718.8917292083152,905.0,89.93278775782488
-0.06798136,-0.11904546340287268,603.4446511989702,336.0,79.59662238064588
-0.040096823,-0.105489196119122,749.4879714544536,407.0,84.14937873573798
-0.026610354,0.12783134783500952,820.1224086956403,1629.0,49.65485520591527
-0.05004595,-0.0335073261758261,697.3801245796171,784.0,11.048453497497816
-0.039997544,-0.16467853214676584,750.0079381894474,97.0,673.204059989121
0.39554587,0.4337065617585109,3031.136051209465,3231.0,6.185823237094856
0.11390792,0.11694814733960406,1556.0770136144993,1572.0,1.012912619942795
-0.06739327,-0.13279266402864803,606.5247273210362,264.0,129.7442148943319
-0.013235814,-0.03159799275557953,890.1706249038837,794.0,12.112169383360664
0.04256602,-0.02109665894422336,1182.4288202932414,849.0,39.27312370945128
0.01273655,-0.09346039557156857,1026.1990590350265,470.0,118.34022532660138
0.057837687,0.055467611207664316,1262.4131081558064,1250.0,0.993048652464513
-0.07060249,-0.08295906176021241,589.7166709134708,525.0,12.326984935899201
-0.059520368,-0.08601399523260693,647.7585186468739,509.0,27.261005628069523
-0.04168457,0.6962399070424151,741.1722497963589,4606.0,83.90854863664006
-0.0708488,-0.1005249292264809,588.4266461260668,433.0,35.895299336274086
-0.073201455,-0.03369825951785076,576.1047807620508,783.0,26.42339964724766
-0.14253412,-0.14042999770963432,212.97979714256246,224.0,4.919733418498901
-0.10087402,-0.09193292883537131,431.1716528963565,478.0,9.796725335490276
-0.09321624,-0.09804279578016036,471.2787455713244,446.0,5.667880172942692
-0.00789531,0.04935774426287528,918.1411379221101,1218.0,24.618954193587015
-0.027907517,-0.08544119520653295,813.328609184378,512.0,58.853243981323835
0.12052297,-0.024151592416617882,1590.7228751853331,833.0,90.96313027434971
-0.0077067176,-0.04133559319883706,919.1288796091293,743.0,23.70509819772938
-0.06636705,-0.1373750642372398,611.899485908491,240.0,154.95811912853793
-0.13853113,-0.13546573081699323,233.94516807266166,250.0,6.421932770935336
0.038681645,-0.023960659074593223,1162.0846779125682,834.0,39.338690397190426
0.092485,-0.08486839518045898,1443.8759965816052,515.0,180.3642711808942
0.33433682,0.25193802015103695,2710.5579261315124,2279.0,18.93628460427874
0.16076834,0.08620787927363419,1801.5052147209394,1411.0,27.675777088656233
-0.029385138,-0.020714792260174045,805.5896701386617,851.0,5.336113967254788
-0.015063463,-0.06577506097799322,880.5984421647966,615.0,43.18673856338155
-0.091011524,-0.03503479291202336,482.82579221188547,776.0,37.78018141599414
-0.12141278,-0.11465399653630556,323.6013640016772,359.0,9.860344289226404
0.15630522,0.08391667916933829,1778.1299296730358,1399.0,27.10006645268305
-0.02401123,-0.06577506097799322,833.7351378177772,615.0,35.56668907606133
0.214094,0.12534921438868898,2080.7945861356257,1616.0,28.762041221263964
-0.004180472,0.010025475805795821,937.5973444257838,1012.0,7.352041064645866
-0.012703039,0.031791876796606784,892.960997608581,1126.0,20.69618138467309
-0.045845054,0.013271342620215,719.3820145639958,1029.0,30.089211412634036
-0.066279314,-0.10147959593660419,612.3590077299759,428.0,43.074534516349516
0.15065455,0.12515828104666432,1748.5349449710488,1615.0,8.268417645266183
-0.08681152,-0.10319799601482611,504.823019079954,419.0,20.482820782805252
-0.032879535,-0.021478525628272675,787.2880117236953,847.0,7.049821520224881
0.055706754,0.045539077422382127,1251.2524953296274,1198.0,4.445116471588267
-0.048585787,-0.10797132956544254,705.027615817194,394.0,78.94101924294264
0.04690257,-0.07589452810530008,1205.141201409132,562.0,114.43793619379574
-0.092793055,-0.10071586256850557,473.4951501177342,432.0,9.60535882354959
-0.0680089,-0.07150306123873296,603.3004262794552,585.0,3.1282779964880723
-0.1448899,-0.14291213115595489,200.64154258314704,211.0,4.909221524574861
-0.058717147,-0.11140812972188638,651.9653324417036,376.0,73.39503522385733
0.124489404,-0.0132683919212124,1611.4968047044097,890.0,81.06705670836064
0.016396208,-0.04057185983073843,1045.3662620765517,747.0,39.94193602095739
-0.010202531,-0.10205239596267816,906.0572329442731,425.0,113.18993716335837
-0.07307157,-0.1108353296958124,576.7850494368085,379.0,52.18602887514737
-0.07026983,-0.09957026251635762,591.4589594501115,438.0,35.0362921118976
0.07691677,-0.010404391790842538,1362.3384617469533,905.0,50.534636657121915
0.027488926,-0.041908393224911036,1103.46359894295,740.0,49.11670255985812
0.07015144,-0.06749346105621515,1326.9055285780087,606.0,118.96130834620604
-0.069849305,-0.1419574644458316,593.6614331804319,216.0,174.8432561020518
-0.053570237,-0.022051325654346646,678.9219103266923,844.0,19.55901536413598
-0.059788372,-0.08830519533690281,646.3548621047005,497.0,30.051280101549395
-0.07108379,-0.11789986335072473,587.1958955953573,342.0,71.69470631443197
0.26232913,0.2845876216372534,2333.42271686861,2450.0,4.7582564543424395
-0.08070702,-0.06310199418964803,536.7949053775837,629.0,14.658997555233109
0.051223215,0.031410010112557465,1227.7702707817425,1124.0,9.232230496596308
0.20892708,0.008116142385549245,2053.733214954815,1002.0,104.96339470606937
0.093649425,0.06787827843926705,1449.9745722773077,1315.0,10.264226028692605
-0.08359778,-0.09556066233383981,521.6547617770608,459.0,13.650274896963138
-0.09016031,-0.11255372977403433,487.28396553568047,370.0,31.698369063697424
0.023836128,-0.10109772925255488,1084.3323253101487,430.0,152.17030821166247
-0.021055602,-0.09136012880929734,849.2150352922143,481.0,76.55198238923376
0.11107002,0.04343881066011089,1541.2137303505451,1187.0,29.841089330290238
0.03543446,0.0955636130328424,1145.0777659341566,1460.0,21.570016031907084
0.13887234,0.17212788318473007,1686.8264244969087,1861.0,9.35913893084854
-0.0720553,-0.05412812711448912,582.1076747741358,676.0,13.889397222760971
0.08326642,0.017662809486782123,1395.5943244384466,1052.0,32.6610574561261
-0.017254222,-0.08983266207310008,869.1244932868117,489.0,77.73507020180197
-0.05124294,-0.1419574644458316,691.1109646751322,216.0,219.95877994219083
0.456843,0.18033801689179035,3352.1754150722304,1904.0,76.05963314454992
-0.05056888,-0.1108353296958124,694.6413144298506,379.0,83.28266871500016
0.08250283,-0.029115859309258977,1391.5950485858357,807.0,72.4405264666463
-0.06513934,-0.07513079473720145,618.3295525920939,566.0,9.24550399153603
0.21619292,0.25327455354520956,2091.787521884111,2286.0,8.495733950826295
-0.07540731,-0.04935479356387268,564.5517637717371,701.0,19.464798320722238
-0.031476554,0.0006697420465876008,794.6360294372414,963.0,17.483278355426645
-0.01776598,0.03713801037329719,866.4441964668104,1154.0,24.918180548803264
-0.034824815,-0.08200439505008912,777.0997464474283,530.0,46.62259366932609
-0.024966156,0.008688942411623218,828.7337797321726,1005.0,17.53892738983357
0.045431748,-0.17422519924799873,1197.4378698415157,46.999999999999886,2447.7401485989753
0.15764804,0.1635358827936205,1785.1628455940809,1816.0,1.6980811897532564
-0.018895557,-0.028352125941160346,860.5281164129751,811.0,6.107042714300262
-0.038280595,-0.08295906176021241,759.0003385080695,525.0,44.57149304915609
0.023228021,0.01556254272451089,1081.1474071148937,1041.0,3.856619319394204
-0.0567781,-0.05890146066510556,662.1209559038002,651.0,1.708288157265779
0.3660256,0.34053109085047806,2876.5256887888154,2743.0,4.8678705355018375
-0.059358317,-0.01498679199943432,648.6072448372015,881.0,26.37829229997713
0.1889173,0.2817236215068835,1948.933363454834,2435.0,19.96166885195753
0.37450215,0.08487134587946159,2920.921053461938,1404.0,108.04281007563661
-0.008738807,-0.06386572755774665,913.723381524827,625.0,46.19574104397232
-0.07654982,-0.12324599692741516,558.5679514657244,314.0,77.8878826323963
0.10917347,0.12000308081199858,1531.2806682597834,1588.0,3.571746331247897
-0.07121925,-0.09804279578016036,586.4864385440312,446.0,31.499201467271575
-0.08805137,-0.13527479747496857,498.32938573133765,251.0,98.53760387702695
-0.055944245,-0.0012395913736589748,666.4882082150222,953.0,30.064196409756335
-0.06628109,-0.12477346366361242,612.3497205192496,306.0,100.11428775138876
0.03498818,-0.07455799471112748,1142.7404130278883,569.0,100.83311301017368
-0.031681117,-0.06749346105621515,793.5646443208445,606.0,30.951261439083254
-0.046165295,-0.10262519598875214,717.7047755243333,422.0,70.07222168823064
0.0875252,-0.05928332734915487,1417.899356004874,649.0,118.47447704235347
-0.08475388,-0.045917993407428845,515.599773536742,719.0,28.289322178478173
-0.065877974,-0.09174199549334665,614.4610000837403,479.00000000000006,28.279958263828846
0.29227227,0.34224949092869994,2490.247805894236,2752.0,9.511344262564096
-0.077648066,-0.09212386217739597,552.8159682308259,477.0,15.894332962437293
-0.092301615,-0.12935586387220419,476.0690342333207,282.0,68.81880646571655
-0.070580944,-0.02052385891814939,589.8295222303641,852.0,30.77118283681173
0.22120562,0.28783348845167256,2118.04121790688,2467.0,14.145066156997169
0.027432306,0.02797320995611363,1103.167052060955,1106.0,0.2561435749588581
-0.11059679,-0.13775693092128913,380.24933017730586,238.0,59.768626124918434
-0.08027981,-0.10510732943507269,539.0323817466499,409.0,31.79275837326403
-0.03515785,-0.1018614626206535,775.3555068160972,426.0,82.00833493335615
0.030943785,-0.016132392051582265,1121.55817792295,875.0,28.178077476908587
-0.034755133,-0.11255372977403433,777.4646987092691,370.0,110.12559424574842
0.092911,-0.055082793824612404,1446.1071123819806,671.0,115.51521794068267
-0.051312465,0.003915608861006779,690.7468318730614,980.0,29.515629400708022
0.03280589,-0.01174092518501514,1131.3108222876897,898.0,25.981160611101302
0.20390818,0.10606494684419857,2027.4470527163976,1515.0,33.82488796807905
-0.09488636,-0.13508386413294393,462.5315978552866,251.9999999999999,83.54428486320904
-0.07872433,-0.06119266076940145,547.1790995826616,639.0,14.369467983934022
-0.068210356,-0.1041526627249494,602.2453132927762,414.0,45.469882437868655
-0.04998699,-0.036180392964171304,697.688924336268,770.0,9.391048787497667
-0.039273918,-0.03121612607153021,753.7978810927245,796.0,5.3017737320697815
-0.0759749,-0.1005249292264809,561.5790759014312,433.0,29.69493669779012
-0.11174339,-0.11389026316820693,374.2440948515924,363.0,3.0975467910722925
-0.06685173,-0.10109772925255488,609.3610336724823,430.0,41.71186829592612
0.14865215,0.017471876144757464,1738.0474988349547,1051.0,65.37083718696049
0.43902203,0.18339295036418488,3258.839415535211,1920.0,69.73121955912558
-0.09137676,-0.13985719768356036,480.9128999555155,227.0,111.85590306410376
-0.09663736,-0.1585686652019768,453.3608674819612,129.0,251.44253293175285
-0.084992185,-0.1320289306605494,514.3516582632878,267.9999999999999,91.922260546003
-0.06930592,-0.1536043983093357,596.5073779396488,155.0,284.8434696384831
0.13086514,0.14654281535342598,1644.8892830461255,1727.0,4.754529065076697
-0.07971205,-0.07589452810530008,542.0060061424072,562.0,3.5576501525965907
-0.04336633,-0.17002466572345626,732.3641498821928,69.0,961.3973186698447
-0.030523526,-0.04572706006540418,799.6274466953984,720.0,11.059367596583106
-0.05924614,-0.04820919351172473,649.1947584703771,707.0,8.17613034365246
-0.072151706,-0.0699755945025357,581.6027704901519,593.0,1.9219611315089549
-0.08448213,-0.16238733204246994,517.023019069607,109.0,374.33304501798807
-0.061527986,-0.11866359671882337,637.243757185114,338.0,88.5336559719272
0.0813437,-0.023960659074593223,1385.5242174566308,834.0,66.13000209312119
-0.06611203,-0.12095479682311926,613.2351663116506,326.0,88.10894672136521
-0.07374789,-0.12916493053017952,573.2428760482663,283.0000000000001,102.55932015839792
0.008507294,-0.05279159372031651,1004.0486273341303,683.0,47.00565553940414
0.15516573,-0.01708705876170555,1772.1619212340154,870.0,103.69677255563394
-0.10672348,-0.16525133217283983,400.53552504567404,93.99999999999989,326.10162238901546
-0.08236926,-0.08525026186450829,528.089042825195,513.0,2.9413338840535967
-0.038568165,-0.091551062151322,757.4942104727559,480.0,57.811293848490806
0.09104089,-0.08486839518045898,1436.3125389923443,515.0,178.89563863929015
-0.09744583,-0.08887799536297679,449.12656276294365,494.0,9.083691748391974
0.0054956693,0.04859401089477665,988.2754559390412,1214.0,18.593455029733015
-0.07857184,-0.10720759619734392,547.9777606832332,398.0,37.68285444302342
0.13215724,0.10835614694849446,1651.6565379141248,1527.0,8.163492987172546
0.0008614898,0.02510920982574377,964.0042654020446,1091.0,11.640305646008748
-0.07157662,-0.041144659856812406,584.6147534075226,744.0,21.42274819791363
-0.079594314,-0.11560866324642885,542.6226301083639,354.0,53.28322884417058
-0.056791082,-0.11217186308998502,662.0529602538395,372.0,77.97122587468803
-0.046186056,-0.0968971957280124,717.5960410172369,452.0,58.760186065760365
-0.084491625,-0.12324599692741516,516.9733051768956,314.0,64.6411799926419
0.024245718,-0.047445460143626106,1086.477524655832,711.0,52.80977843260647
-0.0061816433,-0.034843859569998706,927.1163490965098,777.0,19.31999344871426
-0.09556792,-0.11713612998262611,458.9619920753973,346.0,32.64797458826511
-0.07373323,-0.1094987963016398,573.319632113387,386.0,48.528402101913734
-0.046452027,-0.04419959332920692,716.2030374520731,728.0,1.6204618884514985
-0.09076253,-0.15455906501945899,484.1298648810605,150.0,222.7532432540403
-0.003891215,-0.04763639348565076,939.1123072617424,710.0,32.26933905094964
0.29969174,0.3506505579777849,2529.106744273856,2796.0,9.545538473753368
0.13549872,0.03522867695305062,1669.1573109805727,1144.0,45.90535935144866
0.16916215,0.09308147958652185,1845.4672022414284,1447.0,27.537470783789107
0.021598475,0.09040841279817666,1072.612772632535,1433.0,25.149143570653514
0.4336262,0.11408414720923418,3230.5791356890386,1557.0,107.48742040392028
0.027846191,-0.030070526019382267,1105.3347475284188,802.0,37.82228772174798
-0.057436705,-0.09536972899181514,658.6715570677869,460.0,43.189468927779764
0.03654022,0.15876254924300406,1150.8691222599073,1791.0,35.74153421217715
-0.12557949,-0.13145613063447542,301.77848695514353,271.0,11.357375260200566
-0.03772274,-0.051073193642094596,761.9220637850619,692.0,10.104344477610107
-0.087523304,-0.08620492857463159,501.09510147688496,507.99999999999994,1.3592319927391694
0.026427723,-0.03675319299024528,1097.9056228085924,767.0,43.14284521624412
-0.059778944,-0.041717459882886374,646.4042443113148,741.0,12.765958932346186
0.11362719,0.11522974726138213,1554.6067076777015,1563.0,0.5369988689890288
0.08890676,0.029500676692310893,1425.1351857737218,1114.0,27.92954988992117
-0.02485181,-0.09976119585838228,829.3326584919199,437.0,89.77864038716703
-0.039406866,-0.06291106084762337,753.1015744196117,630.0,19.539932447557405
-0.0026518397,-0.10338892935685076,945.6034480868918,418.0,126.2209205949502
-0.06673366,-0.13546573081699323,609.9794136236603,250.0,143.99176544946414
-0.013365312,-0.027779325915086375,889.4923902453406,814.0,9.274249415889512
0.058763508,0.03102814342850815,1267.2620272132494,1122.0,12.946704742713855
-0.08004795,-0.13985719768356036,540.24674308196,227.0,137.99415994799998
0.16361974,0.18625695049455473,1816.4392056564739,1935.0,6.127172834290757
-0.08778936,0.0258729431938424,499.7016686708893,1095.0,54.36514441361741
-0.06316124,-0.11847266337679871,628.6897093105858,339.0,85.45419153704597
-0.027364755,-0.06692066103014117,816.1712858599885,609.0,34.018273540228
-0.03662862,-0.06978466116051103,767.6524484017375,594.0,29.23441892285143
-0.08386284,-0.17766199940444255,520.2665188829416,29.0,1694.022478906695
0.10310336,0.1310772146494287,1499.4889070239724,1646.0,8.901038455408724
-0.06566893,-0.14272119781393022,615.5558373583159,212.0,190.35652705580938
-0.10955616,-0.1698337323814316,385.6995571073858,70.0,450.9993672962654
-0.08086064,-0.1284011971620809,535.990351971047,287.0,86.75622019897105
-0.03108135,-0.06596599432001789,796.7058775059812,614.0,29.756657574264047
-0.05777902,0.06978761185951364,656.878696156771,1325.0,50.4242493466588
-0.026243472,-0.08983266207310008,822.0439247905418,489.0,68.10714208395538
0.09841253,0.02033587627512733,1474.9209958356096,1066.0,38.36031855868758
-0.035515778,-0.04649079343350281,773.4808755266062,716.0,8.028055241146111
0.15543948,0.32353802341028354,1773.5956636563149,2654.0,33.17273309508987
-0.069003694,-0.14501239791822612,598.0902620400831,200.0,199.04513102004154
-0.02862914,-0.02510625912674117,809.5491534150619,828.0,2.2283631141229545
0.020908905,0.04210227726593829,1069.001198805855,1180.0,9.406678067300426
-0.043417998,-0.08945079538905076,732.0935525595801,491.0,49.10255652944605
-0.07153171,-0.15895053188602612,584.8499383615044,127.0,360.51176248937355
-0.038268663,-0.11331746314213295,759.0628320710033,366.0,107.39421641284244
-0.028755082,-0.050691326958045284,808.8895468330757,694.0,16.55468974539995
0.07055524,0.04191134392391363,1329.0203981567295,1179.0,12.72437643398893
0.017864794,-0.07207586126480693,1053.0578773205523,582.0,80.93777960834232
-0.05946696,-0.0335073261758261,648.0382275816909,784.0,17.342062808457797
-0.07287616,-0.07914039491971926,577.8084766457152,545.0,6.019903971690871
-0.0034334727,-0.014795858657409662,941.5097002293713,882.0,6.7471315452801965
-0.0018299704,0.11637534731353008,949.907931243055,1569.0,39.45774816806533
-0.07053922,-0.10090679591053021,590.0480448356898,431.0,36.90209856976561
-0.005355848,-0.055846527192711035,931.4413943518415,667.0,39.646385959796326
0.035973597,-0.015177725341458977,1147.9014682139027,880.0,30.443348660670765
0.1713955,0.3393854907983301,1857.1641709980004,2737.0,32.14599302162951
0.022361461,0.00773427570149993,1076.6088584453273,1000.0,7.660885844532732
-0.05368268,-0.11121719637986173,678.3329919053396,377.0,79.9291755717081
0.19466813,0.13031348128133008,1979.0529584971778,1642.0,20.526976765966978
-0.016305346,0.07188787862178486,874.094165594644,1336.0,34.5737900004009
-0.1375508,0.17365534992092735,239.07959081615218,1869.0,87.20815458447554
-0.05973574,-0.1297377305562535,646.6305127625615,280.0,130.93946884377195
0.015715402,-0.046681726775527475,1041.8005877524636,715.0,45.706375909435465
0.012762353,-0.04649079343350281,1026.3342016087574,716.0,43.342765587815286
-0.0036088536,0.10301001337180404,940.5911553349816,1499.0,37.25209103836013
-0.008399753,-0.02873399262520966,915.4991557240918,809.0,13.16429613400393
-0.070669495,-0.1257281303737357,589.3657470224541,301.0,95.80257376161266
-0.07093016,-0.07093026121265898,588.0005270456817,588.0,8.963361933313405e-05
-0.08849616,-0.1576139984918535,495.9998176928841,134.0,270.1491176812568
-0.054308694,-0.12038199679704528,675.05429434379,329.0,105.18367609233741
0.051871803,0.09957321321536021,1231.1672046815306,1481.0,16.86919617275283
-0.034337323,0.003724675518982122,779.6529489592963,979.0,20.36231369159384
-0.029967349,-0.09766092909611104,802.5403822908105,448.0,79.13847818991306
-0.007110704,-0.07742199484149734,922.2504579541285,554.0,66.4712017967741
0.12077087,0.11274761381506158,1592.0212506580124,1550.0,2.711048429549186
0.17826729,0.026063876535867055,1893.1546880075698,1096.0,72.7330919714936
0.1297232,0.08544414590553555,1638.908475425936,1407.0,16.482478708311024
-0.060471542,-0.1041526627249494,642.7768080848018,414.0,55.260098571208175
0.15379864,0.24621001989029723,1765.0018719829432,2249.0,21.52059261970017
0.023748958,-0.03904439309454117,1083.8757789080664,755.0,43.55970581563794
0.09561868,0.10358281339787802,1460.2884100078495,1502.0,2.7770699062683417
-0.027276397,-0.05622839387676035,816.634056254133,665.0,22.80211372242602
-0.012512661,-0.06424759424179596,893.9580899169039,623.0,43.492470291637865
0.008522998,-0.06291106084762337,1004.1308757308045,630.0,59.3858532906039
0.043821957,0.14406068190710541,1189.0067019105895,1714.0,30.629714007550202
-0.07895988,-0.15704119846577955,545.9454224099165,137.0,298.5003083284062
-0.04867109,-0.06558412763596858,704.5808541549843,616.0,14.380008791393555
-0.07994751,-0.16525133217283983,540.7727972323878,93.99999999999989,475.2902098216898
0.10524371,0.07169694527976021,1510.6988435239246,1335.0,13.160962061717193
-0.07414528,-0.14253026447190556,571.1615652982204,213.0,168.15096962357762
0.042046793,0.09957321321536021,1179.7094040246975,1481.0,20.343726939588286
-0.07538257,-0.1217185301912179,564.681355481074,322.0,75.36688058418447
-0.08965082,0.03866547710949445,489.9523996999641,1162.0,57.83542171256764
-0.018756423,0.05814067799600953,861.2568210134223,1264.0,31.862593274254568
-0.012281132,0.04973961094692459,895.170705022466,1220.0,26.62535204733885
-0.0023318243,-0.03388919285987542,947.2795067142666,782.0,21.135486792105706
-0.042363126,-0.02033292557612473,737.6183698396743,853.0,13.526568600272649
-0.06785399,-0.15474999836148365,604.1117694955145,149.0,305.4441406010165
0.03402639,-0.09556066233383981,1137.7031157780862,459.0,147.86560256603184
0.15159485,0.17804681678749446,1753.4596640572142,1892.0,7.322427903952736
0.04828501,0.07303347867393281,1212.3816357614492,1342.0,9.658596441024653
-0.11872603,-0.07799479486757131,337.67301010594497,551.0,38.71633210418422
-0.044535454,-0.04362679330313295,726.2409513714972,731.0,0.6510326441180295
0.1357866,0.11771188070770268,1670.6650389135325,1576.0,6.006664905680996
0.11258667,0.03236467682268075,1549.1570660760285,1129.0,37.214974851729714
0.19382979,0.10377374673990268,1974.6622150058834,1503.0,31.381384897264365
0.34649608,0.2351358860528671,2774.2411885637084,2191.0,26.619862554254148
-0.060365565,-0.09632439570193843,643.3318555023291,455.0,41.39161659391847
-0.0545978,-0.10319799601482611,673.5401277983519,419.0,60.74943384208876
0.30201134,0.12019401415402323,2541.255508516939,1589.0,59.92797410427557
-0.082057,-0.04362679330313295,529.7244894165889,731.0,27.53426957365405
-0.065347254,-0.12114573016514392,617.2406076234834,325.0,89.9201869610718
-0.063270144,-0.10701666285531926,628.119326288792,399.0,57.42339004731628
0.038651355,0.0816254790650424,1161.926034403291,1387.0,16.227394779863666
-0.028894799,-0.012886525237163085,808.1577887694381,892.0,9.399351034816359
-0.070399195,-0.105489196119122,590.7814223079204,407.0,45.15514061619665
0.21487601,0.29909855563112736,2084.8903241097305,2526.0,17.46277418409618
-0.06272718,-0.02109665894422336,630.9630468000619,849.0,25.681619929321336
-0.04244808,0.0195721429070287,737.1734226955267,1062.0,30.58630671416886
-0.036104914,-0.07379426134302884,770.3953168284602,573.0,34.44944447268066
0.15563369,0.376808425835163,1774.6128083403185,2933.0,39.494960506637625
-0.03949694,-0.003339858135930208,752.6298192344178,942.0,20.10299158870299
-0.012638944,-0.08124066168199048,893.2966883278025,534.0,67.28402403142368
0.091779746,0.015944409408560206,1440.182262157512,1043.0,38.08075380225427
-0.07981368,-0.12229133021729187,541.47370848897,319.0,69.74097444795298
0.046244953,0.0816254790650424,1201.6969729740485,1387.0,13.35998752890782
-0.0696536,-0.09212386217739597,594.6864212650909,477.0,24.672205715951964
-0.050109338,-0.07112119455468364,697.0481263070973,587.0,18.74755132999954
-0.054505162,-0.07035746118658501,674.0253065150157,591.0,14.04827521404665
0.03356717,-0.02338785904851925,1135.2979818422732,837.0,35.63894645666347
-0.06292833,-0.08410466181236036,629.9095727329229,519.0,21.369859871468773
0.018473452,0.09269961290247254,1056.245683135949,1445.0,26.903412931768226
-0.03437341,-0.03789879304239323,779.4639464166365,761.0,2.4262741677577573
-0.07977543,-0.15895053188602612,541.6740468917812,127.0,326.5149975525837
0.1165963,-0.17995319950873845,1570.1572055135111,17.0,9136.21885596183
-0.056190815,-0.08525026186450829,665.1968176613348,513.0,29.667995645484357
-0.066203624,-0.08410466181236036,612.7554311491731,519.0,18.064630279224104
-0.08361996,-0.10988066298568912,521.538593599194,384.0,35.817342083123435
-0.049443785,-0.09307852888751926,700.5339130590867,472.0,48.41820191929803
-0.022152351,-0.058137727297006926,843.4708857024979,655.0,28.774181023282118
-0.0366067,-0.05011852693197131,767.7672508133211,697.0,10.153120633188104
-0.1039491,-0.13451106410686994,415.0661466649135,255.0,62.771037907809216
-0.024496514,-0.05412812711448912,831.1934955419497,676.0,22.95761768372037
-0.053475298,-0.044772393355280896,679.4191468085428,725.0,6.2870142333044425
-0.07433593,-0.10128866259457953,570.1630340575632,429.0,32.90513614395413
-0.089614734,-0.16143266533234665,490.141382731677,114.0,329.94858134357634
-0.013749602,-0.048781993537798704,887.4796946178196,704.0,26.06245662184938
-0.119241156,-0.17938039948266446,334.9750753899424,20.000000000000114,1574.8753769497025
-0.03508543,16.083748874151592,775.7347996239125,85197.0,99.08948108545617
-0.05522565,-0.05412812711448912,670.2517918290318,676.0,0.8503266525100821
-0.0595795,-0.126682797083859,647.4488213866655,296.0,118.73270992792753
-0.10364123,-0.15704119846577955,416.67860936085435,137.0,204.14497033639006
-0.05167205,-0.0029579914518808926,688.8635377231449,944.0,27.027167614073637
-0.003192382,-0.055082793824612404,942.7723962773337,671.0,40.502592589766564
0.21814229,0.17957428352369173,2101.9972101800786,1900.0,10.631432114740978
-0.09730209,-0.13126519729245076,449.87941216018453,272.0,65.39684270595019
-0.08947719,-0.1562774650976809,490.8617659132695,141.0000000000001,248.1289119952263
-0.11612452,-0.14940386478479323,351.29824574504744,177.0,98.47358516669347
0.013043625,-0.051455060326143914,1027.8073463883297,690.0,48.957586433091265
-0.12023433,-0.03598945962214665,329.7733789015267,771.0,57.22783671834932
-0.09680959,-0.12362786361146447,452.4588373846917,312.0,45.018858136119135
-0.029373271,-0.07303052797493022,805.6518222600247,577.0,39.62769883189336
-0.040225875,-0.012313725211089113,748.8120732318024,895.0,16.33384656627906
-0.014798609,-0.11484492987833021,881.9855973236258,358.0,146.3646919898396
-0.078201,-0.15551373172958227,549.919997403747,145.0,279.2551706232738
-0.08614741,-0.10109772925255488,508.3012355845446,430.0,18.209589670824325
0.24849306,0.28095988813878486,2260.9572650597365,2431.0,6.994764909101747
-0.06587454,-0.14749453136454665,614.4789891767858,187.0,228.59838993411006
0.0012033668,-0.041908393224911036,965.7948221921746,740.0,30.512813809753325
0.19872034,0.2322718859224972,2000.2761080577739,2176.0,8.075546504697893
0.006346492,-0.08525026186450829,992.7315806134112,513.0,93.514927994817
0.040171973,-0.0434358599611083,1169.8901687981743,732.0,59.821061311225996
-0.051420253,-0.016896125419680896,690.1823021353387,871.0,20.75978161477168
0.02900114,-0.025679059152815143,1111.3837068861442,825.0,34.713176592259906
-0.0697217,-0.10988066298568912,594.3297611556843,384.0,54.77337530095946
0.3739705,0.37604469246706435,2918.1366072073624,2929.0,0.37089084303986236
-0.058199853,-0.10663479617126995,654.6746225288044,401.0,63.26050437127293
-0.036722697,-0.010022525106793223,767.1597189486218,907.0,15.417892067406633
0.12782073,0.13890548167243966,1628.944390929597,1687.0,3.441352049223656
0.038245957,-0.0025761247678315778,1159.8027946283482,946.0,22.600718248239772
-0.017787794,-0.06042892740130282,866.3299501172135,643.0,34.73249613020427
-0.07799646,-0.07818572820959598,550.9912654544623,550.0,0.18023008262951573
0.016733538,0.04630281079048076,1047.1330075851367,1202.0,12.884109185928724
0.121496305,0.19580361759578763,1595.820656370538,1985.0,19.606012273524534
0.091634534,0.09384521295462049,1439.421725447191,1451.0,0.7979513819992443
0.090722255,-0.014413991973360346,1434.6437286817443,884.0,62.2900145567584
-0.121908,-0.12859213050410556,321.00765676403626,286.0,12.240439427984704
-0.084154636,-0.13546573081699323,518.7382654338387,250.0,107.49530617353548
0.034957364,0.03446494358495199,1142.5790184750977,1140.0,0.22622969079803992
-0.06753301,-0.03274359280772747,605.792871702664,788.0,23.122732017428426
0.1216832,0.08353481248528898,1596.7995205767156,1397.0,14.302041558820017
-0.0010758986,-0.06233826082154939,953.857329189057,633.0,50.688361641241244
-0.066779144,-0.12133666350716858,609.7411849619616,324.0,88.19172375369185
0.28655618,0.2278804190559301,2460.3102089646136,2153.0,14.273581466075875
0.24907498,0.009834542463771164,2264.005031053729,1011.0,123.93719397168437
0.081309475,0.04534814408035747,1385.344950876476,1197.0,15.734749446656316
0.15350428,-0.017468925445754867,1763.4601950023703,868.0,103.16361693575695
-0.05900517,-0.08181346170806446,650.4568240708677,531.0,22.496577037828192
0.4567717,0.10873801363254378,3351.8020535922738,1529.0,119.21530762539396
-0.03166603,-0.10644386282924528,793.643663655806,402.0,97.42379692930497
-0.07597315,-0.12553719703171104,561.5882070245823,302.0,85.95635994191466
-0.075139545,-0.1094987963016398,565.9541716133086,386.0,46.62025171329239
-0.1491005,-0.13050146392435213,178.58886560397707,276.0,35.29388927392135
0.17514314,0.003533742176957464,1876.7921835835064,978.0,91.9010412662072
-0.08392195,-0.0951787956497905,519.9569581993615,461.0,12.788928025891854
0.0046126153,-0.0587105273230809,983.650522552057,652.0,50.86664456319894
-0.034220003,-0.05966519403320419,780.2674072101465,647.0,20.5977445456177
0.053434316,-0.029879592677357607,1239.3507591852972,803.0,54.34006963702331
-0.0042226114,-0.010786258474891853,937.3766414721416,903.0,3.806937040104276
-0.087516874,-0.06558412763596858,501.1287773712414,616.0,18.647925751421845
0.1311987,0.28019615477068627,1646.636293231917,2427.0,32.15342837940185
-0.0739487,-0.01727799210373021,572.191118944455,869.0,34.15522221582797
-0.08763523,-0.10319799601482611,500.5089145880988,419.0,19.45320157233861
-0.060117677,-0.09594252901788912,644.6301529312204,457.0,41.05692624315546
-0.109017976,-0.1536043983093357,388.51826458472453,155.0,150.65694489337068
-0.02681273,-0.011931858527039797,819.0624765050761,897.0,8.68868712317992
-0.05283522,-0.05412812711448912,682.771517705602,676.0,1.0017038026038516
0.02775212,0.18797535057277667,1104.8420570971969,1944.0,43.166560848909626
-0.10728019,-0.14558519794430008,397.61980914032813,197.0,101.83746656869448
-0.056009915,-0.11121719637986173,666.144269242997,377.0,76.69609263739973
0.096215054,-0.07112119455468364,1463.41187847583,587.0,149.3035568101925
0.4866928,0.327165756908752,3508.5116378122275,2673.0,31.25744997426964
-0.037865516,-0.05718306058688364,761.174287234016,660.0,15.329437459699394
-0.033439774,-0.10568012946114666,784.3537994406843,406.0,93.19059099524243
0.013602142,0.05012147763097391,1030.7325397361344,1222.0,15.65200165825414
-0.0067939204,-0.04209932656693569,923.909590835064,739.0,25.021595512187282
0.13861763,-0.000666791347585002,1685.4924220351827,956.0,76.30673870660907
0.009547504,-0.056610260560809665,1009.4966544049468,663.0,52.26193882427553
0.1790554,0.07150601193773555,1897.2823458908097,1334.0,42.225063410105676
-0.120599724,-0.13871159763141241,327.8596671853868,233.0,40.71230351304154
0.22871788,0.2582388204378506,2157.3861349519866,2312.0,6.6874509103812025
-0.041826848,-0.0902145287571494,740.4270877121983,486.99999999999994,52.03841636800788
-0.118688285,-0.1631510654105686,337.8706950199771,104.99999999999989,221.78161430474046
0.0071533234,0.022627076379423218,996.9573029546594,1078.0,7.517875421645693
0.095610715,-0.024533459100667197,1460.2466956033686,831.0,75.72162401965929
0.033423714,-0.07188492792278227,1134.546634787944,583.0,94.60491162743465
-0.04466537,-0.018423592155878153,725.5605266091643,863.0,15.925779071939248
-0.0305711,-0.07723106149947268,799.3782821479598,555.0,44.0321229095423
0.05394505,0.01403507598831363,1242.0256904948997,1033.0,20.234819989825716
-0.0064550536,-0.10835319624949186,925.6843821703785,392.0,136.1439750434639
0.059454527,-0.06921186113443706,1270.8811907982752,597.0,112.87792140674627
0.12448893,0.024727343141694454,1611.494307303206,1089.0,47.97927523445417
-0.07788294,-0.1541771983354097,551.5858420504173,151.9999999999999,262.88542240159063
-0.02393959,0.022627076379423218,834.1103430822161,1078.0,22.624272441352865
0.11790741,0.145970015327352,1577.0240832764025,1724.0,8.525285192784077
-0.067285486,-0.07684919481542336,607.0892570587588,557.0,8.992685288825635
-0.03050911,-0.06921186113443706,799.7029443044437,597.0,33.95359201079459
-0.0013155389,-0.07035746118658501,952.6022302160454,591.0,61.184810527249645
-0.00838481,-0.03522572625404802,915.5774190098607,775.0,18.139021807723964
-0.05930782,-0.11828173003477406,648.8717157224863,340.0,90.84462227131951
-0.03247783,-0.006203858266300071,789.3919161502562,927.0,14.844453489724252
0.12299209,0.006588675649351985,1603.6547307933583,994.0,61.33347392287307
-0.04758938,-0.016132392051582265,710.2462282965755,875.0,18.82900248039137
-0.061459668,-0.08677772860070555,637.601568440388,505.0,26.257736324829295
0.11270726,0.18797535057277667,1549.7886354273137,1944.0,20.278362375138183
0.1428216,0.0739881453840561,1707.5103695288635,1347.0,26.76394725529796
-0.063084066,-0.06386572755774665,629.0938980866508,625.0,0.655023693864132
0.24547708,0.07837961225062323,2245.1612804899796,1370.0,63.88038543722479
0.24658164,0.15551668242858488,2250.946354290828,1774.0,26.885363826991426
-0.045585405,-0.11369932982618228,720.7419080522633,364.0,98.00601869567672
-0.050235897,-0.1536043983093357,696.3852809079249,155.0,349.2808263922096
-0.14193903,-0.14081186439368365,216.096553844808,222.0,2.6592099798162163
-0.02349502,-0.046681726775527475,836.4387502193289,715.0,16.984440590115927
0.21183856,0.08544414590553555,2068.9818784420186,1407.0,47.049174018622494
-0.019000929,-0.0004758580055603445,859.9762395243197,957.0,10.13832397864998
-0.09805979,-0.13145613063447542,445.91100262557575,271.0,64.54280539689142
-0.03932346,-0.04286305993503432,753.5384050098471,735.0,2.5222319741288586
-0.021356763,-0.007731325002497331,847.6377215671212,919.0,7.765209840356784
-0.09391934,-0.08620492857463159,467.59632749643566,507.99999999999994,7.953478839284308
-0.034103513,-0.08486839518045898,780.8775145198372,515.0,51.62670184851207
0.011624328,-0.0713121278967083,1020.3738756050806,586.0,74.1252347448943
-0.08506113,-0.0627201275055987,513.9905496579871,631.0,18.543494507450536
-0.03413906,-0.05489186048258775,780.6913410644785,672.0,16.174306706023582
0.32542846,0.3943742933014315,2663.901008580844,3025.0,11.937156741129122
-0.038648065,-0.047445460143626106,757.0757396835571,711.0,6.480413457602969
-0.057414204,-0.055082793824612404,658.7894031870876,671.0,1.819761074949687
0.16725333,0.05126707768312185,1835.4698710915645,1228.0,49.46823054491568
-0.0742785,-0.07283959463290555,570.4638148150366,578.0,1.3038382672947084
-0.061251223,-0.09040546209917405,638.693283963459,486.0,31.418371185896905
-0.07017486,-0.13374733073877132,591.9563715304841,259.0,128.55458360250353
-0.013531406,0.08620787927363419,888.622480044412,1411.0,37.02179446885812
-0.082780994,-0.050309460273995965,525.9326149295682,696.0,24.43496911931491
-0.0024808648,-0.10568012946114666,946.4989176282648,406.0,133.12781222371055
-0.06919884,-0.12324599692741516,597.0682005974597,314.0,90.14910847052859
-0.061261736,-0.040380926488713775,638.6382240712956,748.0,14.620558279238564
0.14566866,0.008116142385549245,1722.4216497222014,1002.0,71.89836823574865
0.052153237,-0.06558412763596858,1232.6411981872932,616.0,100.10409061482034
0.015245203,-0.012695591895138428,1039.3379550561242,893.0,16.387229009644365
-0.04212431,-0.06672972768811651,738.8691581128542,610.0,21.12609149391052
0.2617765,0.5543764339180945,2330.5283849610714,3863.0,39.67050517833105
-0.07360126,-0.1562774650976809,574.010826918411,141.0000000000001,307.0998772470997
-0.11322708,-0.16544226551486446,366.4733919843163,93.0,294.05741073582396
0.009074269,-0.08047692831389186,1007.0181202868806,538.0,87.17808927265439
-0.014340688,0.0018153420987355462,884.3839268167061,969.0,8.732308894044778
-0.04601932,-0.07589452810530008,718.4693119787697,562.0,27.8415145869697
-0.07242048,-0.03866252641049186,580.1950946929162,757.0,23.355998059059946
0.07274023,0.0703604118855876,1340.4641148224866,1328.0,0.9385628631390539
0.18947743,0.04897587757882596,1951.8670294313317,1216.0,60.515380709813456
-0.043988083,-0.06787532774026446,729.1077728439016,604.0,20.713207424487013
-0.08814173,-0.07551266142125077,497.85612820323223,564.0,11.72763684339854
0.114815734,-0.05775586061295761,1560.8316362655548,657.0,137.56950323676634
-0.06123035,-0.09250572886144529,638.8026037989625,475.0,34.48475869451843
-0.03049577,-0.01555959202550829,799.7728130053073,878.0,8.90970239119507
0.28438196,0.16410868281969446,2448.9228399135154,1819.0,34.63017261756544
-0.029365366,-0.08372279512831103,805.6932244893552,521.0,54.64361314574956
0.03616679,-0.014413991973360346,1148.9133059203484,884.0,29.96756854302584
-0.071585245,-0.07360332800100419,584.5695660544927,574.0,1.8413878143715547
-0.036777567,-0.09193292883537131,766.8723422116716,478.0,60.4335443957472
-0.059152897,-0.05298252706234117,649.6831174713864,682.0,4.738545825309917
-0.068062015,-0.119427330086922,603.0222391984969,334.0,80.54558059835236
-0.0785477,-0.07379426134302884,548.1041916191716,573.0,4.344818216549457
-0.114099704,-0.15150413154706446,361.9030697377166,166.0,118.0138974323594
-0.048385847,15.667323255195813,706.074787848483,83016.0,99.14947144183232
-0.0650196,-0.09365132891359323,618.956673447485,469.0,31.973704359804895
-0.092339456,0.024727343141694454,475.870842034669,1089.0,56.30203470756023
-0.02155075,-0.08486839518045898,846.6217280289849,515.0,64.39256854931745
-0.08438964,-0.050309460273995965,517.5074368593416,696.0,25.64548320986471
-0.09811932,-0.15398626499338502,445.59921769404855,153.0,191.2413187542801
-0.08204159,-0.14348493118202885,529.8051866929841,208.0,154.71403206393467
-0.04449066,-0.038089726384417884,726.4755509970719,760.0,4.411111710911595
-0.028044498,-0.01727799210373021,812.6111819112415,869.0,6.488931885933086
-0.038453724,0.014416942672362945,758.0935867616492,1035.0,26.754242824961427
0.13496597,0.1005278799254835,1666.3670894857137,1486.0,12.137758377235105
-0.028334456,-0.10491639609304802,811.0925473589623,410.0,97.82745057535665
-0.12092333,-0.1509313315209905,326.16479024972307,169.0,92.99691730752845
0.022814956,0.05756787796993555,1078.9840040557488,1261.0,14.434258203350614
-0.07473742,-0.12935586387220419,568.0602612659228,282.0,101.4398089595471
-0.06806901,0.04095667721379034,602.9855976402109,1174.0,48.63836476659191
0.057873968,0.007543342359475273,1262.6031252677053,999.0,26.38669922599653
-0.05884205,-0.0825771950761631,651.3111499029567,527.0,23.58845349202214
-0.098162845,-0.13031053058232747,445.3712517904213,277.0,60.78384541170444
-0.078770794,-0.09116919546727269,546.9357590528739,482.0,13.472149181094167
-0.12571383,-0.11064439635378776,301.07492220978236,380.0,20.76975731321517
-0.015211456,-0.13680226421116584,879.8233356548749,243.0,262.06721631887854
-0.07010486,-0.11369932982618228,592.3229822228118,364.0,62.72609401725598
-0.084566966,-0.13508386413294393,516.5787157867073,251.9999999999999,104.99155388361412
-0.0003402587,-0.08563212854855762,957.7101918475144,511.0,87.41882423630418
-0.082063705,-0.13527479747496857,529.6893697121616,251.0,111.03162139926756
-0.062155865,-0.09365132891359323,633.9552846391656,469.0,35.17170248169842
-0.04016577,-0.09899746249028364,749.1268628491529,441.0,69.87003692724555
-0.087176226,-0.0825771950761631,502.9128973780444,527.0,4.5706077081509635
-0.027228244,-0.04725452680160144,816.8862547538151,712.0,14.731215555311113
-0.03829584,-0.12859213050410556,758.920499713338,286.0,165.3568180815867
-0.00999282,-0.035607592938097336,907.1555773115547,773.0,17.355184645737992
0.021055225,0.019954009591078015,1069.7675400228802,1064.0,0.5420620322255838
-0.08144008,-0.12381879695348913,532.9555412457985,311.0,71.36834123659115
0.017818168,-0.0031489247939055502,1052.8136783091006,943.0,11.645140859925835
0.1397879,0.1904574840190972,1691.621590895631,1957.0,13.560470572527796
-0.035809267,-0.11064439635378776,771.9437445966619,380.0,103.14309068333208
-0.106907256,-0.1436758645240535,399.57301101300186,207.0,93.03044010289945
0.049245887,0.06826014512331638,1217.4141528292596,1317.0,7.561567742653031
-0.035191305,-0.029306792651283636,775.1802790019516,806.0,3.823786724323624
-0.02992721,-0.002767058109856235,802.7506029882285,945.0,15.052846244631906
-0.026627371,-0.014032125289311031,820.0332826901824,886.0,7.445453420972638
-0.002296926,-0.07570359476327541,947.4622840454299,563.0,68.28814991925931
-0.079668455,-0.12286413024336583,542.2343232430787,316.0,71.59314026679708
-0.06184799,-0.10224332930470283,635.5677668460535,424.0,49.898058218408835
-0.09344919,-0.11579959658845351,470.05868703951836,353.0,33.161101144339476
0.14295034,0.23647241944703967,1708.1846678538686,2198.0,22.284591999369034
-0.06667424,-0.12725559710993295,610.2906132267805,293.0,108.29031168149503
-0.04831561,-0.08601399523260693,706.4426472414125,509.0,38.790303976701864
-0.03370709,-0.11618146327250282,782.9537524236881,351.0,123.06374712925587
-0.070799954,-0.15207693157313845,588.6824736618731,163.0,261.1548918171001
-0.07237325,-0.14825826473264528,580.4424544777662,183.0000000000001,217.18166911353322
0.14833888,0.32162868999003696,1736.4067842878967,2644.0,34.32652101785565
-0.013996853,-0.02186039231232199,886.1847384385856,845.0,4.873933543027877
-0.06955797,-0.05011852693197131,595.1872672721186,697.0,14.607278727099201
0.0091134105,-0.10300706267280145,1007.2231218060018,420.0,139.81502900142902
0.115463905,0.02415454311562048,1564.2263849392898,1086.0,44.03557872369151
-0.058439363,0.005824942281253354,653.4202052195003,990.0,33.997959068737345
0.46487698,0.5459753668690096,3394.2528792531475,3819.0,11.121946078734027
0.020081673,-0.03274359280772747,1064.668627202755,788.0,35.110231878522214
0.12631884,-0.03121612607153021,1621.0783575757473,796.0,103.65305999695317
0.018396588,0.11064734705279035,1055.843113768477,1539.0,31.39420963167791
-0.027056178,0.03121907677053281,817.7874361248944,1123.0,27.17832269591323
-0.09973754,-0.14405773120810283,437.1238964902784,205.0,113.23116901964801
-0.06946509,-0.12000013011299597,595.6737142003312,331.0,79.9618471904324
-0.08789268,-0.14940386478479323,499.1605130475577,177.0,182.01158929240546
-0.115927204,-0.13050146392435213,352.33166255876904,276.0,27.65639947781487
-0.039001107,0.023008943063472533,755.2267067564042,1080.0,30.071601226258878
-0.028275203,-0.05260066037829186,811.4028787249453,684.0,18.626151860372115
0.05732879,0.003724675518982122,1259.7477957430274,979.0,28.676996500819957
0.001123005,-0.07914039491971926,965.3739326552768,545.0,77.13283167986731
-0.07344089,-0.08372279512831103,574.8507731826317,521.0,10.336040917971527
-0.06722261,-0.1005249292264809,607.4185628206059,433.0,40.281423284204585
0.08448132,0.2418185530237301,1401.9572734646995,2226.0,37.018990410390856
0.020175187,-0.021478525628272675,1065.1584007474148,847.0,25.75659985211509
0.412188,0.697958307120637,3118.2980067081567,4615.0,32.43124579180592
-0.036768608,-0.02338785904851925,766.9192660389759,837.0,8.37284754611996
-0.044466957,-0.04725452680160144,726.5996991522226,712.0,2.0505195438514847
0.18026441,0.12496734770463967,1903.614506642848,1614.0,17.94389756151475
0.00024344958,-0.0031489247939055502,960.7673230960211,943.0,1.884127581762574
-0.022289617,-0.09326946222954391,842.7519658419232,471.00000000000006,78.92823053968641
-0.051508877,-0.08945079538905076,689.7181367084905,491.0,40.4721256025439
-0.059200224,-0.11599052993047816,649.4352504019168,352.0,84.49865068236274
0.0035183227,0.0025790754668341765,977.919241651258,973.0,0.5055746815270246
-0.09683276,-0.13928439765748638,452.3374792949483,230.0,96.66846925867317
0.014525726,-0.010786258474891853,1035.5697473476982,903.0,14.68103514370966
-0.044847533,-0.022815059022445277,724.6064608165016,840.0,13.737326093273621
-0.072686896,-0.16296013206854393,578.799749814124,106.0,446.03749982464524
-0.106196895,-0.11064439635378776,403.2934754343536,380.0,6.1298619564088375
-0.043685246,-0.05641932721878501,730.6938567396281,664.0,10.044255533076525
0.08798452,0.043247877318086235,1420.3050167362535,1186.0,19.755903603394053
0.12724896,0.05775881131196021,1625.949772754971,1262.0,28.83912620879327
0.018272534,-0.06558412763596858,1055.1933894810977,616.0,71.29762816251586
-0.038278528,-0.13909346431546174,759.0111670836013,230.9999999999999,228.576262806754
-0.070485845,-0.11732706332465077,590.3275976829315,345.0,71.10944860374825
-0.11389077,-0.13412919742282065,362.997360705779,256.9999999999999,41.244109224038574
-0.01608912,0.005824942281253354,875.2266297303241,990.0,11.593269724209684
0.025496848,-0.036944126332269935,1093.0302273962004,766.0,42.6932411744387
0.05617841,-0.019951058892075414,1253.7227568062062,855.0,46.634240562129385
-0.055860665,-0.041717459882886374,666.9259558197621,741.0,9.99649719031551
-0.04871381,0.04649374413250541,704.3571026158884,1203.0,41.449949907241205
-0.038145594,-0.11732706332465077,759.7073957129264,345.0,120.20504223563084
-0.07896183,-0.11331746314213295,545.9352376956326,366.0,49.162633250172846
-0.020941833,-0.15379533165136036,849.8108898551915,154.0,451.82525315272176
0.08326002,0.009834542463771164,1395.5608046316656,1011.0,38.03766613567415
-0.04433164,-0.12859213050410556,727.3084147875664,286.0,154.30364153411412
0.104307726,0.07933427896074652,1505.7966790923804,1375.0,9.512485752173118
0.026396126,-0.0272065258890124,1097.7401309569518,817.0,34.36231713059386
-0.053822074,-0.12267319690134118,677.6029312940826,317.0,113.75486791611439
0.045807563,0.1306953479653794,1199.4061731870934,1644.0,27.043420122439578
-0.07108918,-0.12038199679704528,587.167682766134,329.0,78.47042029365777
0.062429395,-0.02128759228624802,1286.4618525579983,848.0,51.70540714127338
-0.059750486,-0.12725559710993295,646.5532884347151,293.0,120.66665134290618
-0.06753057,-0.035607592938097336,605.8056318619392,773.0,21.62928436456155
-0.09702697,-0.022815059022445277,451.32033461094477,840.0,46.27138873679229
-0.04445465,-0.06539319429394391,726.6641633207937,617.0,17.77377039234906
0.015927212,0.015753476066535547,1042.9099314160624,1042.0,0.08732547179101377
-0.05238536,-0.07933132826174391,685.1276206318452,544.0,25.94257732203036
-0.024584735,0.15818974921693008,830.7314470528407,1788.0,53.53850967265992
-0.018555094,0.08372574582731364,862.3112706279064,1398.0,38.3182209851283
-0.1327785,-0.10090679591053021,264.07420641330714,431.0,38.72988250271296
0.09851795,0.019190276222979384,1475.4731166111014,1060.0,39.19557703878315
0.15468287,0.029118810008261577,1769.632990340096,1112.0,59.1396574046849
-0.09857175,-0.05298252706234117,443.22965221444167,682.0,35.01031492456867
-0.09043861,-0.13451106410686994,485.8263807362642,255.0,90.52014930833889
-0.083642244,-0.029497725993308292,521.4218791148137,805.0,35.227095762134944
-0.05841247,-0.05317346040436583,653.5610547452009,681.0,4.029213693803104
-0.12098105,-0.14902199810074393,325.86248763839126,179.0,82.04608247954819
0.09349233,0.051076144341097196,1449.1517956463626,1227.0,18.10528081877446
0.04543407,-0.05317346040436583,1197.450025161437,681.0,75.83700810006417
0.03556264,-0.09346039557156857,1145.749098595232,470.0,143.77640395643235
0.39041105,0.5251636325883219,3004.2427863471803,3710.0,19.02310548929433
-0.0522409,-0.10243426264672748,685.8842161308917,423.0,62.14756882526989
0.084388524,0.01938120956500404,1401.471255777319,1061.0,32.089656529436276
0.06033981,0.007161475675425958,1275.517791731508,997.0,27.935585930943624
-0.08400293,-0.11389026316820693,519.5328292355605,363.0,43.12199152494779
-0.05948969,-0.13489293079091927,647.9191912946291,253.0,156.09454201368737
-0.06629895,-0.12190946353324254,612.2561850397915,321.0,90.7340140310877
0.11368829,0.04439347737023418,1554.9267262288222,1192.0,30.44687300577367
0.069530845,-0.030070526019382267,1323.6551999332576,802.0,65.04428926848598
-0.07390338,-0.10510732943507269,572.4284891244899,409.0,39.958065800608786
-0.07484678,-0.07303052797493022,567.4874979086067,577.0,1.6486138806574253
-0.031745795,-0.08372279512831103,793.2258952606958,521.0,52.25065168151551
-0.08282412,-0.12229133021729187,525.7067562082066,319.0,64.79835617812118
-0.0311774,-0.013077458579187743,796.2028267619532,891.0,10.63941338249683
-0.05539758,-0.08066786165591652,669.3513226075147,537.0,24.646428790971083
-0.009880632,0.10988361368469172,907.7431543553079,1535.0,40.86363815274867
0.16038567,0.29222495531823967,1799.5009722111647,2490.0,27.730884650154024
-0.08718511,-0.12706466376790831,502.8663832806251,293.9999999999999,71.04298751041676
-0.067242704,-0.09212386217739597,607.3133207730052,477.0,27.319354459749523
0.016947666,-0.0018123913997329475,1048.2544870577099,950.0,10.34257758502209
-0.064364634,-0.03828065972644254,622.3870100883728,759.0,17.999076404693966
0.078545086,0.07914334561872186,1370.8666576168334,1374.0,0.22804529717369462
0.08586514,0.13871454833041502,1409.2049268673711,1686.0,16.417264124117963
0.13547267,0.13031348128133008,1669.0208904398191,1642.0,1.6456084311704713
0.028153153,-0.047445460143626106,1106.9424397978416,711.0,55.68810686326887
0.018243203,-0.08754146196880419,1055.0397700406484,501.0,110.5867804472352
0.13906333,0.02797320995611363,1687.826711722787,1106.0,52.60639346498978
-0.10630708,-0.12420066363753844,402.71638064682463,309.0,30.3289257756714
-0.01829218,-0.05680119390283432,863.6882654611354,662.0,30.46650535666698
-0.053711113,-0.11560866324642885,678.1840843585676,354.0,91.57742496004734
0.07463668,0.0905993461402013,1350.3966696286288,1434.0,5.83007882645545
0.11671748,0.12802228117703418,1570.7918966163006,1630.0,3.6323989805950543
-0.048209254,0.08869001271995473,706.999684775524,1424.0,50.351145732055905
-0.052027337,-0.023578792390543907,687.0027396950088,836.0,17.82263879246306
-0.07866715,-0.04935479356387268,547.4785926176392,701.0,21.900343421164173
-0.095345594,-0.13508386413294393,460.1264053866329,251.9999999999999,82.58984340739408
-0.08614961,-0.07093026121265898,508.2897241258712,588.0,13.556169366348437
-0.111005045,-0.15398626499338502,378.11112550608755,153.0,147.13145457914217
-0.12382259,-0.11236279643200967,310.98012266836497,371.0,16.17786450987467
-0.12447127,-0.16410573212069188,307.58272050585117,100.0,207.58272050585117
-0.10354896,-0.12821026382005624,417.1618564937746,288.0000000000001,44.84786683811613
-0.046832435,-0.07990412828781789,714.2106771089627,541.0,32.016761018292556
-0.11608959,-0.17365239922192474,351.48118038322013,50.0,602.9623607664403
-0.060512133,-0.06959372781848638,642.5642168073348,595.0,7.99398601803946
0.011899738,-0.04706359345957679,1021.8163150319626,713.0,43.31224614754034
-0.10259491,-0.10071586256850557,422.15860999590996,432.0,2.2780995379838065
0.07328946,0.04286601063403692,1343.3406917683428,1184.0,13.457828696650576
0.225662,0.17842868347154378,2141.3811491189936,1894.0,13.061306711668086
-0.07351753,-0.06653879434609186,574.4493549610272,611.0,5.982102297704221
-0.07483476,-0.12190946353324254,567.550479245213,321.0,76.80700288012865
0.15850407,0.3296478903550726,1789.646227061276,2686.0,33.37132438342233
0.011191237,-0.044008659987182265,1018.1055914508528,729.0,39.65783147473975
-0.08700919,-0.12000013011299597,503.78772921532965,331.0,52.20173088076424
-0.0025908346,-0.07780386152554665,945.9229581339589,552.0,71.36285473441284
0.108233884,-0.05355532708841514,1526.35965625353,679.0,124.79523656163916
0.10070486,0.09327241292854652,1486.9269399473546,1448.0,2.68832458199963
-0.04413656,-0.02338785904851925,728.3301250331456,837.0,12.98325865792765
0.21968663,0.18625695049455473,2110.085590284847,1935.0,9.048350919113544
-0.06709948,-0.09212386217739597,608.0634386376796,477.0,27.47661187372738
-0.061798636,-0.09575159567586446,635.8262478706387,458.00000000000006,38.82669167481192
0.16084768,0.10644681352824789,1801.920719846209,1517.0,18.78185364839875
-0.1518122,-0.1144630631942809,164.38653517734576,360.0,54.337073561848406
0.0412321,0.23532681939489172,1175.44251602435,2192.0,46.37579762662637
-0.0028853684,-0.05088226030006994,944.3803580417107,693.0,36.27422193964079
-0.054568775,-0.0524097270362672,673.6921375856816,685.0,1.6507828342070627
-0.0033421742,-0.03751692635834391,941.9878696383598,763.0,23.458436387727367
0.023522409,0.0802889456708698,1082.6892401830416,1380.0,21.544257957750606
0.039393403,0.0025790754668341765,1165.8124589390088,973.0,19.816285605242427
0.029781526,-0.07436706136910282,1115.4709283319253,570.0,95.69665409332022
-0.066076,-0.1144630631942809,613.4238371682131,360.0,70.39551032450365
-0.04382255,-0.07875852823566994,729.9747417695844,547.0,33.450592645262226
-0.076867916,-0.03522572625404802,556.9019507314786,775.0,28.14168377658341
-0.086587004,-0.13088333060840146,505.99890482796917,274.0,84.67113314889386
-0.059802253,-0.07054839452860967,646.282164316536,590.0,9.539349884158636
-0.08680757,-0.1513131982050398,504.84370068367235,167.0,202.30161717585167
0.007562486,-0.034080126201900075,999.1002634191856,781.0,27.92576996404425
-0.038736645,-0.016896125419680896,756.6118083880718,871.0,13.132972630531361
-0.028363826,-0.06462946092584529,810.9387230535706,621.0,30.58594574131571
-0.08389414,-0.09746999575408638,520.1025879070535,449.0,15.835765680858236
0.09052066,0.014607876014387603,1433.587874279083,1036.0,38.37720794199643
-0.046280965,-0.045536126723379526,717.0989606229616,721.0,0.5410595529872936
-0.083045654,-0.12076386348109461,524.5464792177147,327.0,60.41176734486689
-0.022719337,-0.017850792129804182,840.5013390946435,866.0,2.9444181184014404
-0.025099615,-0.07990412828781789,828.0348000593339,541.0,53.05634012187317
-0.10892785,-0.1077803962234179,388.99027341222813,395.0,1.5214497690561686
0.16460751,-0.003721724819979523,1821.612572249985,940.0,93.78857151595585
0.042453468,-0.09670626238598776,1181.8393360544283,452.99999999999994,160.89168566322923
0.0008845866,-0.14787639804859598,964.1252332728499,185.0,421.14877474208095
-2.1373853e-05,0.032173743480656096,959.3803289025037,1128.0,14.94855240226031
0.33906546,0.2611028205682205,2735.3238734309516,2327.0,17.54722275165241
0.090645455,0.01880840953893007,1434.24149100037,1058.0,35.56157759927882
-0.03148186,0.04286601063403692,794.60824584885,1184.0,32.88781707357686
-0.032379694,-0.027588392573061716,789.9058930245504,815.0,3.0790315307300076
-0.07996933,-0.16391479877866721,540.6585021054237,101.0,435.3054476291324
-0.00922671,0.03102814342850815,911.1680279310626,1122.0,18.79072834839014
-0.11156943,-0.12496439700563707,375.1552170501192,305.0,23.001710508235796
0.006954432,-0.013459325263237058,995.915623254924,889.0,12.026504303141053
-0.03369967,-0.09326946222954391,782.992618229921,471.00000000000006,66.24047096176666
-0.04955652,-0.0892598620470261,699.9434727838753,492.00000000000006,42.264933492657576
0.08799025,-0.025679059152815143,1420.335024572592,825.0,72.16182116031418
0.11856909,0.03389214355887801,1580.4895786436116,1137.0,39.00523998624552
0.25761363,0.2674036208550342,2308.7256041898486,2360.0,2.172643890260653
-0.082789645,-0.1320289306605494,525.887310510857,267.9999999999999,96.22660839957359
-0.093344755,-0.13603853084306722,470.6056569250274,246.9999999999999,90.5286060425213
0.26174575,0.06272307820460131,2330.367302583431,1288.0,80.9291383993347
-0.06520401,-0.07627639478934939,617.990842553839,560.0,10.355507598899822
-0.093506165,-0.08945079538905076,469.7602866175674,491.0,4.325807206198091
0.10540733,-0.02644279252091377,1511.5557643119519,821.0,84.11154254713178
0.111314856,0.08238921243314104,1542.4960288029752,1391.0,10.891159511356948
0.27523395,0.4886953642616123,2401.0108221704013,3519.0,31.77008177975558
-0.037053406,-0.13718413089521514,765.4276541481589,241.0000000000001,217.6048357461239
0.024263782,0.023581743089546508,1086.5721332373698,1083.0,0.32983686402306794
-0.037368905,-0.036180392964171304,763.7752525439054,770.0,0.8084087605317706
-0.00713798,-0.08410466181236036,922.1076036786336,519.0,77.67005851226081
0.16686247,0.12420361433654104,1833.4227825423882,1610.0,13.877191462260136
0.0127636045,0.013271342620215,1026.3407572869173,1029.0,0.2584298069079375
-0.023636412,0.014226009330338288,835.6982219850579,1034.0,19.178121664888018
-0.02277109,-0.04973666024792199,840.2302832647787,699.0,20.204618492815264
0.019132685,-0.0686390611083631,1059.6983695665156,600.0,76.6163949277526
-0.11432805,-0.1576139984918535,360.70712673628407,134.0,169.18442293752543
-0.086645186,-0.12821026382005624,505.69418285922126,288.0000000000001,75.58825793722953
0.0920442,0.14425161524913008,1441.567305256339,1715.0,15.943597361146411
0.11027985,0.09938227987333556,1537.0752634027203,1480.0,3.8564367164000224
0.49921453,0.15265268229821502,3574.0933934219784,1759.0,103.18893652199989
0.20906335,0.1356596148580205,2054.4469253925663,1670.0,23.020773975602772
-0.11936638,-0.09498786230776583,334.31923442070865,462.0,27.63652934616696
-0.09243705,-0.11789986335072473,475.35969424767586,342.0,38.99406264551926
0.006578717,-0.02606092583686446,993.947841827176,823.0,20.771305203788096
0.048280213,0.0776158788825246,1212.3565056618368,1366.0,11.247693582588816
-0.08231106,-0.1274465304519576,528.3938818596243,292.0,80.95680885603574
-0.0850455,-0.18167159958696036,514.0724175911967,8.0,6325.905219889958
0.31313178,0.34377695766489724,2599.4980263392504,2760.0,5.815288900751798
0.10733376,0.07093321191166158,1521.6453041968844,1331.0,14.32346387655029
0.01321718,0.06119561146840404,1028.716327260434,1280.0,19.6315369327786
-0.041769218,-0.05202786035221788,740.7289220608043,687.0,7.820803793421292
0.1383074,0.04859401089477665,1683.867550377011,1214.0,38.70408157965494
-0.094138764,-0.084295595154385,466.44709370189145,518.0,9.952298513148369
0.0952673,0.04076574387176569,1458.4480984739628,1173.0,24.33487625523979
0.16032611,0.2706494876694534,1799.1890311920624,2377.0,24.30841265494058
0.008520092,-0.05832866063903158,1004.1156571922193,654.0,53.534504157831684
-0.078148365,-0.12267319690134118,550.1956870835015,317.0,73.56330822823392
-0.032021534,-0.13317453071269733,791.7817339927495,262.0000000000001,202.2067686995226
-0.09036197,-0.09346039557156857,486.22779895786874,470.0,3.4527231825252644
0.018799452,-0.018041725471828838,1057.953086099525,865.0,22.30671515601446
-0.077061936,-0.13813879760533845,555.8857815948203,235.9999999999999,135.54482270966972
0.14480864,0.12095774752212186,1717.9173525199253,1593.0,7.84164171499845
-0.04227195,-0.11923639674489735,738.0959002651516,335.0,120.32713440750796
-0.05858851,-0.10243426264672748,652.6390649492484,423.0,54.28819502346299
-0.09682872,-0.13317453071269733,452.35862916139234,262.0000000000001,72.65596532877564
-0.035966754,-0.08410466181236036,771.1189193162918,519.0,48.57782645785969
-0.02997766,-0.006203858266300071,802.48637598978,927.0,13.431890400239489
-0.06325072,-0.1347019974488946,628.2210563659498,254.0,147.33112455352355
-0.09932824,-0.1463489313123987,439.2675642266298,193.0,127.59977421068902
-0.044711802,-0.06711159437216584,725.3173421669519,608.0,19.29561548798551
-0.018184213,-0.06023799405927816,864.2537317243094,644.0,34.200890019302705
0.040231247,0.031410010112557465,1170.200607474365,1124.0,4.1103743304595115
-0.056035426,-0.11350839648415761,666.0106582785979,365.0,82.46867350098573
0.45606133,0.3575241582906726,3348.0815501490283,2832.0,18.22321857870863
-0.062242217,-0.09212386217739597,633.503020889929,477.0,32.80985762891592
-0.071300104,-0.04152652654086172,586.062972952425,742.0,21.015771839295827
-0.104540125,-0.14157559776178227,411.9706959166871,218.0,88.9773834480216
-0.06549638,-0.09365132891359323,616.459584418913,469.0,31.441275995503837
-0.016246494,-0.0699755945025357,874.4023995338347,593.0,47.45403027552018
-0.017107358,0.007161475675425958,869.8936831020847,997.0,12.748878324765833
-0.08694313,-0.13489293079091927,504.1337363477266,253.0,99.26234638250064
-0.09184525,-0.14214839778785626,478.45920327285825,214.9999999999999,122.53916431295744
-0.114676446,-0.15513186504553297,358.8824239599205,146.9999999999999,144.13770337409576
-0.036703456,-0.08066786165591652,767.2604929893814,537.0,42.879048973814044
-0.05039858,-0.11980919677097132,695.5332378566237,332.0,109.49796320982641
-0.03917383,0.010789209173894452,754.3220817031964,1016.0,25.755700619764134
-0.098818146,-0.061765460795475416,441.93915916431195,636.0,30.51271082322139
-0.030404987,-0.09670626238598776,800.2482850258863,452.99999999999994,76.65525055759082
0.092906125,0.059859078074231444,1446.0815920634302,1273.0,13.596354443317377
0.07860595,0.001433475414686231,1371.1854274673524,967.0,41.79787254057419
-0.038208425,-0.1469217313384727,759.3783240824423,190.0,299.67280214865383
0.10273338,0.24391881978600133,1497.5511578212465,2237.0,33.05537962354732
-0.074381165,-0.0802859949718672,569.9261321402539,539.0,5.73768685347939
-0.08654527,-0.11064439635378776,506.21746645518874,380.0,33.215122751365456
-0.040458463,0.023199876405497193,747.5939072618461,1081.0,30.842376756535977
-0.0496973,0.04821214421072733,699.2061541003701,1212.0,42.30972325904537
-0.02335833,-0.10319799601482611,837.1546556386069,419.0,99.79824716911858
0.13089128,0.19446708420161501,1645.0261718496045,1978.0,16.83386391053567
-0.026247999,-0.04840012685374939,822.0202189900533,706.0,16.433458780460807
-0.08014972,-0.08868706202095214,539.7137430344343,494.99999999999994,9.03307940089583
-0.06503864,-0.06462946092584529,618.856972508805,621.0,0.34509299375120306
-0.05779816,-0.13432013076484528,656.7784684225246,256.0,156.55408922754867
-0.050723806,-0.10873506293354118,693.8298931700035,390.0,77.90510081282142
0.102632046,0.13928734835648898,1497.0204210435618,1689.0,11.366464118202382
0.48859274,0.5035881649395356,3518.4625329084593,3597.0,2.1834158212827566
0.062697686,0.16601801623994103,1287.8670114430834,1829.0,29.586276028262255
0.02800545,-0.0335073261758261,1106.1688502640416,784.0,41.09296559490326
0.11898128,0.11904841410187528,1582.6483868747605,1583.0,0.022211820924795317
-0.057439912,-0.08410466181236036,658.6547581425025,519.0,26.90843124132996
-0.0050257077,-0.027588392573061716,933.1704812940332,815.0,14.49944555755008
-0.023899697,-0.025297192468765828,834.319285812612,827.0,0.8850406061199458
0.07022428,0.009070809095672533,1327.2870066118771,1007.0,31.806058253413816
0.233486,0.19026655067707254,2182.358820244822,1956.0,11.572536822332404
-0.049456064,-0.13031053058232747,700.4696049780908,277.0,152.8771137105021
0.0066089504,-0.06424759424179596,994.1061877945128,623.0,59.56760638756226
-0.095453195,-0.10377079604090009,459.5628511962554,416.0,10.471839229869087
0.11600318,0.12305801428439309,1567.0507896131246,1604.0,2.30356673234884
-0.089797884,-0.1356566641590179,489.18214653808474,249.0,96.45869338878906
-0.021755664,-0.06692066103014117,845.548508883579,609.0,38.842119685316746
0.1695275,0.003151875492908149,1847.3806798262053,976.0,89.28080735924236
0.048589736,0.10396468008192734,1213.977611707256,1504.0,19.283403476911165
0.13579969,0.13241374804360131,1670.733639402847,1653.0,1.0728154508679417
-0.08142292,-0.1324107973445987,533.0454476891325,266.0,100.39302544704229
0.41763756,0.16830921634423693,3146.8397124524736,1841.0,70.93100013321421
0.11201225,-0.039617193120615145,1546.1485951291006,752.0,105.60486637355062
-0.06645507,-0.11770893000870009,611.4384812550413,343.0,78.26194788776715
0.09315882,0.15418014903441227,1447.4050586138278,1767.0,18.086867084673017
0.015966717,0.048021210868702674,1043.1168352525067,1211.0,13.863184537365262
0.25992733,0.33594869064188626,2320.8434630930356,2719.0,14.643491611142496
-0.0022909022,-0.08696866194273022,947.4938332465738,504.0,87.99480818384401
-0.13576382,-0.08868706202095214,248.43875791467713,494.99999999999994,49.81035193642886
-0.13068926,-0.1094987963016398,275.0164136998417,386.0,28.75222443009283
-0.07055829,-0.07322146131695487,589.9481878094347,576.0,2.4215603835824084
-0.07880736,-0.08467746183843433,546.7442395980634,516.0,5.95818596861693
-0.08185241,-0.12725559710993295,530.7959915986672,293.0,81.15904150125162
0.24404925,0.07608841214632733,2237.6831247605833,1358.0,64.77784423862911
-0.053156532,-0.10014306254243159,681.0886595132313,435.0,56.572105635225576
0.012316521,0.012889475936165684,1023.9991900161178,1027.0,0.2921918192679809
0.4391644,0.18301108368013555,3259.585045882098,1918.0,69.94708268415526
0.054329414,-0.06520226095191925,1244.0387714636222,618.0,101.30077208149227
-0.028044917,-0.11885453006084802,812.6089869297148,337.0,141.13026318389163
0.0058583184,-0.04534519338135487,990.1748051593913,722.0,37.14332481432013
-0.0051621385,-0.1167542632985768,932.4559343244333,348.0,167.94710756449234
-0.0029115947,-0.020141992234100074,944.2429997560718,854.0,10.567095990172337
0.011894255,-0.044772393355280896,1021.7875997958565,725.0,40.93622066149745
-0.087972164,-0.08314999510223707,498.7442274844122,524.0,4.819803915188513
-8.345209e-05,-0.02873399262520966,959.0551984832941,809.0,18.548232198182216
-0.056111954,-0.10014306254243159,665.6098448963473,435.0,53.01375744743617
-0.07539933,-0.13680226421116584,564.5935562200057,243.0,132.34302725103112
-0.067793444,-0.14291213115595489,604.4288614045997,211.0,186.4591760211373
-0.031749245,-0.09594252901788912,793.2078281238627,457.0,73.56845254351481
-0.07243008,-0.0951787956497905,580.1447954717976,461.0,25.84485801991271
-0.031555757,-0.09403319559764255,794.2212071951137,467.0,70.0687809839644
0.07802774,0.026063876535867055,1368.157094376476,1096.0,24.83185167668576
-0.03221653,-0.051455060326143914,790.7604529880023,690.0,14.602964201159748
0.16148506,0.12401268099451639,1805.2589648177095,1609.0,12.197573947651307
-0.054905817,-0.06424759424179596,671.9269041754817,623.0,7.853435662196098
-0.17849371,-0.1599051985961494,24.64398256033178,122.0,79.80001429481001
0.03910792,-0.07780386152554665,1164.3172570339614,552.0,110.92703931774663
-0.03334621,0.06405961159877391,784.8438363831272,1295.0,39.39429834879327
0.034681875,0.023581743089546508,1141.1361644405938,1083.0,5.368066892021588
-0.02465685,0.0802889456708698,830.353744387198,1380.0,39.82943881252188
0.0044410694,0.055467611207664316,982.752062958071,1250.0,21.379834963354323
0.020754807,-0.04649079343350281,1068.1941187316943,716.0,49.189122727890265
-0.008830457,-0.07303052797493022,913.2433732090927,577.0,58.27441476760706
-0.020022038,0.022245209695373903,854.6282499560172,1076.0,20.57358271784227
-0.013569271,-0.06978466116051103,888.4241659023422,594.0,49.56635789601721
-0.059668742,-0.14940386478479323,646.9814171426312,177.0,265.5262243743679
0.14379641,0.08697161264173281,1712.6159160709358,1415.0,21.03292693080818
0.16141024,-0.0258699924948398,1804.867106960088,824.0,119.0372702621466
-0.046233233,-0.13680226421116584,717.3489543856435,243.0,195.20533102289858
0.13396452,0.1455881486433027,1661.1220786951708,1722.0,3.5353032116625562
-0.08621666,-0.16200546535842064,507.93856610349155,111.0,357.60231180494736
0.32925865,0.23971828626145886,2683.9613837497445,2215.0,21.172071501117134
-0.013780323,-0.000284924663535687,887.3187975941751,958.0,7.377996075764607
0.018456858,0.06558707833497117,1056.1587716229647,1303.0,18.944069714277465
-0.062337983,-0.0879233286528535,633.0014529778657,499.0,26.85399859275866
0.07666899,0.049166810920850616,1361.040749646469,1217.0,11.835723060515125
0.010700318,-0.06596599432001789,1015.5344388678329,614.0,65.3964884149565
0.043846447,-0.029497725993308292,1189.134966875537,805.0,47.71862942553254
-0.043509535,-0.02739745923103706,731.614129572253,816.0,10.34140568967488
-0.16486263,-0.1446305312341768,96.0357859829677,202.0,52.457531691600146
-0.11225155,-0.11656332995655214,371.5826456063005,349.0,6.470672093495845
-0.06921822,-0.11121719637986173,596.9667046516647,377.0,58.34660600839913
0.20089652,0.12172148089022049,2011.6737008450498,1597.0,25.965792163121463
-0.03954533,-0.161241731990322,752.3763720341339,115.00000000000011,554.2403235079419
-0.07824126,-0.10797132956544254,549.7091621115014,394.0,39.520091906472445
-0.081571974,-0.1459670646283494,532.2647756816065,195.0,172.95629522133663
-0.024569828,-0.0879233286528535,830.8095201068775,499.0,66.49489380899348
-0.04922559,-0.0010486580316343172,701.6766887302056,954.0,26.4489844098317
-0.014478094,-0.08219532839211378,883.6642704178857,529.0,67.04428552322982
-0.10029362,-0.06558412763596858,434.21145842401245,616.0,29.511126879218757
0.31029275,0.5238270991941493,2584.628811747438,3703.0,30.201760417298466
-0.004100364,-0.07837666155162062,938.0169029502724,549.0,70.85918086525909
0.23003434,0.02969161003433555,2164.280991412739,1115.0,94.10591851235326
-0.07594086,-0.12248226355931652,561.7573279123469,318.0,76.65324777117827
-0.07020691,-0.06902092779241241,591.7884993433215,598.0,1.038712484394395
-0.08763041,-0.11751799666667542,500.5341227314988,344.0,45.504105445203145
0.011991969,0.014989742698436918,1022.2993719331506,1038.0,1.5125845921820222
0.013621018,0.1797652168657164,1030.8314017040975,1901.0,45.7742555652763
0.0432576,0.011171075857943765,1186.0509300312497,1018.0,16.507949904837886
-0.03828046,-0.10453452940899871,759.001040902158,412.0,84.22355361702864
-0.045951262,-0.048781993537798704,718.8257574677604,704.0,2.1059314584886866
0.09872699,0.20821428482739035,1476.567953885677,2050.0,27.972294932405994
0.23015986,0.17365534992092735,2164.9384322796186,1869.0,15.834052021381412
0.13487552,0.06043187810030542,1665.8933636948825,1276.0,30.555906245680447
0.06944581,-0.029497725993308292,1323.209843059225,805.0,64.37389354772982
0.18909489,0.03427401024292733,1949.8634893156454,1139.0,71.19082434729108
0.08148429,0.055467611207664316,1386.260521570897,1250.0,10.90084172567176
0.06651495,-0.07818572820959598,1307.8596446043327,550.0,137.79266265533323
0.41068587,0.12554014773071365,3110.4307246537055,1617.0,92.35811531562804
0.084827565,0.14940681548379584,1403.7706989137525,1742.0,19.41614816798206
-0.08184523,-0.15207693157313845,530.8336087042983,163.0,225.66479061613393
-0.03192748,-0.08964172873107543,792.2743268692368,490.0,61.688638136578945
-0.057462707,-0.07245772794885624,658.5353706583965,580.0,13.54058114799939
-0.018370258,-0.033316392833801445,863.2793355249728,785.0,9.971889875792712
-0.05382548,-0.11369932982618228,677.5850982886122,364.0,86.14975227709127
-0.03731495,-0.02510625912674117,764.0578295879171,828.0,7.722484349285372
-0.10472589,-0.10453452940899871,410.99776303836825,412.0,0.2432613984543087
-0.034427356,-0.06596599432001789,779.1814083945185,614.0,26.902509510507898
-0.08893846,-0.1446305312341768,493.68332198885633,202.0,144.3976841528992
-0.0880163,-0.13088333060840146,498.51306178549265,274.0,81.93907364434038
-0.055740647,-0.042481193250985004,667.5545399961709,737.0,9.422721845838414
-0.100044176,-0.09766092909611104,435.5179114287097,448.0,2.7861804846630176
0.08735438,0.13890548167243966,1417.0047010455344,1687.0,16.004463482778046
-0.0992418,-0.05260066037829186,439.72029623859214,684.0,35.713406982661965
0.012767747,0.021290542985250616,1026.3624534598746,1071.0,4.167838145669974
0.063202985,-0.01021345844881788,1290.513476281153,906.0,42.44078104648489
0.029447882,-0.000284924663535687,1113.723488905302,958.0,16.255061472369732
0.10000861,0.002197208782784861,1483.280343970982,971.0,52.75801688681585
0.021405427,0.0018153420987355462,1071.6016958530186,969.0,10.588410304749077
-0.08521591,-0.10319799601482611,513.1799088360164,419.0,22.47730521145975
-0.09381512,-0.12725559710993295,468.14216574702425,293.0,59.77548319011067
-0.02078763,-0.10033399588445624,850.6185162358656,434.0,95.99504982393218
-0.094045475,-0.12763746379398228,466.9356868342635,291.0,60.458998912118034
-0.106424905,-0.0739851946850535,402.09928841814235,572.0,29.702921605219867
-0.043903455,-0.07283959463290555,729.5510030247216,578.0,26.21989671707986
-0.051419783,-0.06520226095191925,690.1847605146486,618.0,11.680381960299124
-0.05999601,-0.11866359671882337,645.2673804571077,338.0,90.90750901097861
-0.060351387,-0.0968971957280124,643.406114166246,452.0,42.34648543501017
-0.13423568,-0.11656332995655214,256.4423044223066,349.0,26.52082967842217
-0.05842429,-0.10797132956544254,653.4991465106742,394.0,65.86272754078027
-0.13119084,-0.09995212920040693,272.3894598086762,436.0,37.52535325489079
-0.04983072,-0.11121719637986173,698.5073695370004,377.0,85.28046937320966
-0.010440154,0.0018153420987355462,904.8126979295758,969.0,6.6240765810551245
0.018853525,0.005634008939228697,1058.2362874938378,989.0,7.000635742551855
0.102625765,0.008879875753647876,1496.9875255870816,1006.0,48.805917056369935
-0.12970485,-0.08505932852248364,280.17222044113896,514.0,45.491785906393204
-0.059489764,-0.16410573212069188,647.9188010756909,100.0,547.9188010756909
-0.044848703,-0.04362679330313295,724.6003343791738,731.0,0.8754672531910023
-0.038306143,-0.10568012946114666,758.8665324342013,406.0,86.9129390232023
-0.06820399,-0.05450999379853843,602.2786379900884,674.0,10.641151633518035
0.20814191,0.08754441266780678,2049.6209316977356,1418.0,44.54308404074299
-0.07478935,-0.007922258344521989,567.7882786660799,918.0,38.1494249819085
-0.095333755,-0.12000013011299597,460.18841117589403,331.0,39.02973147307977
-0.0003108438,0.07188787862178486,957.864250284269,1336.0,28.303574080518786
-0.1045574,-0.1221003968752672,411.880204144946,320.0,28.71256379529562
-0.0555042,-0.028352125941160346,668.7929193071199,811.0,17.534781836360068
0.03505797,-0.044008659987182265,1143.1059311071892,729.0,56.804654472865465
0.0023427804,0.0258729431938424,971.7624209013101,1095.0,11.254573433670313
-0.027928095,-0.08887799536297679,813.2208307136799,494.0,64.61960135904451
0.075670466,0.02491827648371911,1355.8110354382989,1090.0,24.386333526449437
-0.11647167,-0.12916493053017952,349.48005962494994,283.0000000000001,23.49118714662537
0.027357984,0.03828361042544514,1102.777798914745,1160.0,4.932948369418529
0.15347755,0.05814067799600953,1763.3201844473865,1264.0,39.50317914931855
-0.086767964,-0.1284011971620809,505.0511410711565,287.0,75.97600734186638
0.07629018,-0.01708705876170555,1359.0567594995805,870.0,56.213420632135694
-0.046094693,-0.07646732813137405,718.0745469900594,559.0,28.456985150278964
-0.0263543,-0.027015592546987745,821.4634741201454,818.0,0.42340759414980517
-0.10242601,-0.06233826082154939,423.04323632854096,633.0,33.1685250665812
0.1093358,0.10911988031659309,1532.1308772820757,1531.0,0.07386526989390882
-0.004718937,-0.04572706006540418,934.7771711885588,720.0,29.83016266507761
-0.01628627,-0.10014306254243159,874.1940713982664,435.0,100.96415434442905
-0.064104915,-0.05851959398105624,623.7472742846317,653.0,4.4797436011283835
-0.08053364,-0.133365464054722,537.7029838683934,261.0,106.01646891509327
-0.001883361,-0.012695591895138428,949.6283015714599,893.0,6.341355159178043
-0.022658112,-0.09059639544119871,840.8220015070121,485.0,73.36536113546643
-0.044891316,-0.045536126723379526,724.377148657538,721.0,0.46839787205797323
0.38409603,0.30368095583971916,2971.1682974181067,2550.0,16.516403820317908
0.14274839,0.25652042035962874,1707.1269404003046,2303.0,25.873775927038444
-0.119329855,-0.1234369302694398,334.5105197441562,313.0,6.87237052528953
-0.07495977,-0.11732706332465077,566.8957308890058,345.0,64.31760315623356
-0.036747407,-0.07474892805315213,767.0303028378071,568.0,35.040546274261814
-0.031061968,-0.11484492987833021,796.8073929627232,358.0,122.57189747562099
0.1255297,0.20821428482739035,1616.9453146711621,2050.0,21.124618796528676
0.02817501,0.016708142776658837,1107.0569105233278,1047.0,5.73609460585748
-0.07729967,-0.044008659987182265,554.6406710071894,729.0,23.917603428369073
-0.05413954,-0.05164599366816857,675.9402279098638,689.0,1.8954676473347198
-0.053759225,-0.034080126201900075,677.9321004793014,781.0,13.196914151177793
0.13413276,0.03045534340243418,1662.003193057359,1119.0,48.52575451808392
0.066192456,0.08983561277210268,1306.1706209527401,1430.0,8.659397136172018
-0.004639433,-0.0461089267494535,935.1935665007807,718.0,30.249800348298145
-0.05031669,0.012507609252116369,695.9621274914692,1025.0,32.10125585449081
-0.059129175,-0.11140812972188638,649.8073631812715,376.0,72.82110722906158
0.055077236,0.02434547645764514,1247.9554379670412,1087.0,14.807308000647767
-0.026993783,0.020526809617151986,818.1142249745908,1067.0,23.325752111097394
0.16247848,0.10797428026444515,1810.461910006727,1525.0,18.718813770932922
0.12297472,0.021290542985250616,1603.5637707588917,1071.0,49.72584227440632
-0.013934028,-0.13680226421116584,886.5137759249127,243.0,264.82048391971716
-0.05024517,-0.02262412568042062,696.3367181610806,841.0,17.201341479062947
-0.0990076,-0.14825826473264528,440.946910448558,183.0000000000001,140.9545958735288
0.09708648,0.1095017470006424,1467.9759181975267,1533.0,4.241623079091542
0.16299787,0.05966814473220679,1813.1822042678818,1272.0,42.54577077577687
-0.026583254,-0.02968865933533295,820.264341078894,804.0,2.022927994887307
-0.055282645,-0.10205239596267816,669.9532938523463,425.0,57.63606914172854
-0.019275993,-0.06787532774026446,858.535609737763,604.0,42.141657241351496
0.1622713,0.010980142515919108,1809.3768672274973,1017.0,77.91316295255626
-0.09656368,-0.12935586387220419,453.74675498983015,282.0,60.90310460632274
-0.08031438,-0.0371350596742946,538.8513201593801,765.0,29.561918933414372
0.16500434,0.1518889489301164,1823.6909563579952,1755.0,3.914014607293175
-0.08032046,-0.12725559710993295,538.8194782940327,293.0,83.89743286485758
-0.034931183,-0.13642039752711652,776.5426503804761,245.0,216.95618382876575
0.3020887,0.07379721204203145,2541.660711862243,1346.0,88.83066209972085
0.227511,0.19618548427983692,2151.0652125053657,1987.0,8.256930674653534
0.09297334,0.008688942411623218,1446.4336085674736,1005.0,43.92374214601727
-0.011511119,-0.007922258344521989,899.203593358856,918.0,2.047538849797823
0.02494848,-0.07742199484149734,1090.1581867454993,554.0,96.77945609124535
-0.066917494,-0.1068257295132946,609.0165874158378,400.0,52.25414685395944
0.036084346,0.035419610295075274,1148.4815091544142,1145.0,0.30406193488333605
0.009614136,-0.0035307914779548655,1009.8456369567466,941.0,7.3162207180389585
-0.048757367,0.06195934483650267,704.1289806246858,1284.0,45.16129434387182
-0.07802074,-0.09498786230776583,550.8641321244354,462.0,19.234660632994675
-0.024800729,-0.11217186308998502,829.6001925958686,372.0,123.010804461255
-0.084240526,-0.1289739971881549,518.2884210420182,284.0,82.49592290211908
-0.056052167,-0.03579852628012199,665.9229760832109,772.0,13.740547139480459
0.12917934,-0.029306792651283636,1636.0600332655154,806.0,102.98511578976617
-0.063802175,-0.14749453136454665,625.3328508957387,187.0,234.40259406189233
-0.054888137,-0.11579959658845351,672.0195031294886,353.0,90.37379692053503
0.07615531,-0.02128759228624802,1358.350385177865,848.0,60.182828440785975
0.021554997,0.0016244087567108885,1072.3850603712176,968.0,10.783580616861324
-0.08087199,-0.12725559710993295,535.9308826048834,293.0,82.91156402897045
0.09413013,-0.07646732813137405,1452.4922258439167,559.0,159.83760748549494
-0.029054537,0.06883294514939035,807.3211691216645,1320.0,38.83930536957087
0.07316066,-0.04286305993503432,1342.6661202900814,735.0,82.67566262450087
-0.025456177,-0.05011852693197131,826.1673292873566,697.0,18.531898032619303
-0.095523335,-0.14214839778785626,459.19549908794534,214.9999999999999,113.57930190137004
-0.07042079,-0.16066893196424803,590.6683368596644,118.0,400.5663871692071
-0.0479168,-0.07474892805315213,708.531391662229,568.0,24.7414421940544
0.03290406,-0.04229025990896035,1131.824974760506,738.0,53.36381771822574
0.11899634,0.3781449592293356,1582.7272501221469,2940.0,46.16573979176371
-0.06387219,-0.12649186374183433,624.9661621596233,297.0,110.42631722546238
-0.08439268,-0.18224439961303435,517.491515926668,4.999999999999886,10249.830318533594
0.050155483,0.03370121021685336,1222.1781017129354,1136.0,7.586100502899239
0.031394627,0.12515828104666432,1123.9194317391757,1615.0,30.407465526986023
-0.016190981,0.006397742307327327,874.6931419091259,993.0,11.914084399886619
-0.0117824925,0.006397742307327327,897.7822940429446,993.0,9.588892845624914
-0.07664122,-0.08620492857463159,558.0892698943796,507.99999999999994,9.860092498893643
-0.017629648,-0.05088226030006994,867.1582288351856,693.0,25.131057551974834
-0.08523054,-0.09861559580623433,513.1033088584709,443.0,15.824674685885077
-0.04253035,-0.09250572886144529,736.742542944097,475.0,55.10369325138883
-0.077779874,-0.05928332734915487,552.1256319074657,649.0,14.926713111330395
-0.0038411478,-0.10014306254243159,939.3745307298308,435.0,115.94816798386915
0.13926212,0.042484143949987604,1688.8678938933765,1182.0,42.88222452566637
0.14152281,0.038092677083420484,1700.7080730002244,1159.0,46.739264279570705
-0.039601516,-0.014032125289311031,752.0821079329264,886.0,15.11488623781869
-0.09079694,-0.13852066428938775,483.9496617754544,234.0,106.8160947758352
0.07807162,0.017662809486782123,1368.3868943091122,1052.0,30.07479983926922
-0.0033715593,0.04382067734416021,941.8339672891805,1189.0,20.78772352487969
-0.06761366,-0.13775693092128913,605.3704597021906,238.0,154.35733600932377
-0.051708054,-0.14501239791822612,688.6749644213169,200.0,244.33748221065846
-0.033221845,-0.08563212854855762,785.495189834573,511.0,53.717258284652246
-0.090183415,-0.16047799862222337,487.1629586429814,119.0,309.38063751511044
-0.07094479,-0.1077803962234179,587.9238880462424,395.0,48.841490644618325
0.12539817,0.11217481378898761,1616.2564221578727,1547.0,4.476821083249693
-0.03764635,-0.09384226225561788,762.322155262277,468.0,62.88934941501645
-0.027543016,-0.09976119585838228,815.2376577842078,437.0,86.55323976755328
0.04355942,-0.014223058631335689,1187.6316874384713,885.0,34.19567089700241
0.054764934,-0.03751692635834391,1246.3197767552315,763.0,63.34466274642615
0.16271913,0.19561268425376296,1811.722317176731,1984.0,8.68335094875348
-0.08151085,-0.08582306189058227,532.5849112984087,510.0,4.428413980080129
-0.07811619,-0.1509313315209905,550.3641836209652,169.0,225.6592802490918
-0.07982685,-0.07704012815744803,541.404756802611,556.0,2.6250437405375866
0.03630327,-0.01651425873563158,1149.6281089711263,873.0,31.687068610667385
-0.14002447,-0.1369931975531905,226.12393185290398,242.0,6.5603587384694295
-0.040536452,-0.084295595154385,747.1854455884092,518.0,44.2442945151369
-0.03718678,-0.061765460795475416,764.729123227099,636.0,20.240428180361473
0.020437429,0.0636777449147246,1066.5318738547276,1293.0,17.514936283470412
-0.040479615,-0.08906892870500145,747.4831241053248,493.0,51.61929495037014
0.040953893,0.10129161329358213,1173.9854189986063,1490.0,21.209032281972732
-0.067513704,-0.1077803962234179,605.8939774295209,395.0,53.39088036190402
-0.06162831,-0.015941458709557606,636.7183273849871,876.0,27.315259430937544
-0.08657999,-0.04286305993503432,506.0356244300427,735.0,31.151615723803715
-0.0584888,-0.13489293079091927,653.1612754431362,253.0,158.16651203286017
-0.001847628,-0.0676843943982398,949.8154505741638,605.0,56.99428935110146
-0.10218342,-0.1585686652019768,424.3137891909347,129.0,228.92541797746878
-0.080689706,-0.1541771983354097,536.8855922587938,151.9999999999999,253.21420543341725
-0.09310973,-0.13489293079091927,471.8366025652059,253.0,86.49668085581261
0.024081722,0.06425054494079857,1085.618603995747,1296.0,16.233132407735575
-0.005490059,0.10110067995155747,930.7384734677281,1489.0,37.4923792164051
-0.04321759,-0.03789879304239323,733.1431829701789,761.0,3.660554143209075
-0.092019595,-0.07150306123873296,477.54609095774725,585.0,18.368189579872265
-0.033811644,0.1356596148580205,782.4061581878782,1670.0,53.14933184503723
0.0017886903,-0.051455060326143914,968.8604132653155,690.0,40.414552647147175
-0.07242373,-0.020141992234100074,580.1780811472158,854.0,32.06345654013866
0.10638152,0.030646276744458835,1516.6580330149445,1120.0,35.41589580490576
-0.11479261,-0.1608598653062727,358.27403361355744,117.0,206.21712274663028
-0.059340093,-0.09384226225561788,648.7026923894563,468.0,38.61168640800348
0.01698187,-0.11274466311605899,1048.4336268167096,369.0,184.12835415086982
-0.03348362,-0.09670626238598776,784.1241555956233,452.99999999999994,73.09584008733407
-0.15089968,-0.12649186374183433,169.16578064339433,297.0,43.04182469919383
-0.113971904,-0.15035853149491651,362.572412282208,172.0,110.79791411756278
-0.08024479,-0.09613346235991378,539.2158236694422,456.0,18.249084138035574
-0.04297316,-0.14558519794430008,734.4233547293964,197.0,272.80373336517584
-0.037962336,0.03446494358495199,760.6671977239789,1140.0,33.27480721719483
-0.012098487,0.012507609252116369,896.1272974827527,1025.0,12.572946587048515
-0.06109235,-0.007540391660472674,639.5253673160773,920.0,30.486373117817685
0.16518028,-0.006776658292374044,1824.6124193583814,924.0,97.46887655393739
-0.0018543932,-0.030070526019382267,949.780018694586,802.0,18.426436246207732
0.035759307,0.009643609121746506,1146.7791400151393,1010.0,13.542489110409834
-0.0060613654,-0.01250465855311377,927.7462966003335,894.0,3.7747535347129184
0.07058506,0.021290542985250616,1329.1765637757499,1071.0,24.106121734430424
-0.08163996,-0.14749453136454665,531.908700900607,187.0,184.44315556182192
0.04844309,-0.04534519338135487,1213.2095632823768,722.0,68.03456555157574
-0.0994683,-0.07723106149947268,438.53403066682404,555.0,20.984859339310987
0.047987357,0.007543342359475273,1210.822691592866,999.0,21.203472631918522
0.15104972,0.20057695114640406,1750.6045881748462,2010.0,12.905244369410637
0.08025902,0.0398110771616424,1379.8432540684632,1168.0,18.137264903121853
0.028076708,0.025300143167768425,1106.5420654118964,1092.0,1.3316909717853822
-0.046871435,-0.12324599692741516,714.006417005824,314.0,127.39057866427517
-0.024466971,-0.04076279317276309,831.3482271063726,746.0,11.440781113454776
-0.028831957,-0.07322146131695487,808.486918932763,576.0,40.36231231471581
-0.04860339,-0.10491639609304802,704.9354265930722,410.0,71.93546990074931
0.07178208,-0.019378258866001443,1335.4458992787568,858.0,55.646375207314314
-0.034811925,-0.1091169296175905,777.1672543237164,388.0,100.30083874322588
-0.035637602,0.009834542463771164,772.8428285409489,1011.0,23.556594605247394
0.019031888,-0.06520226095191925,1059.1704521206584,618.0,71.38680455026835
-0.010293691,-0.04763639348565076,905.57978544032,710.0,27.546448653566202
-0.09642229,-0.10739852953936857,454.4872734686276,397.0,14.480421528621568
0.07438436,0.1562804157966835,1349.0751541729214,1778.0,24.12400707688856
-0.11261224,-0.07436706136910282,369.69355670515347,570.0,35.14148127979764
-0.09618832,-0.13871159763141241,455.7126779998854,233.0,95.58484034329845
-0.020007223,-0.07073932787063432,854.7058449918547,589.0,45.11134889505174
-0.07736513,-0.09365132891359323,554.297824648191,469.0,18.18716943458229
0.045474246,0.03370121021685336,1197.6604507237976,1136.0,5.427856577799082
0.279342,0.16659081626601502,2422.5264018031958,1832.0,32.23397389755435
-0.061787847,-0.08868706202095214,635.8827515728728,494.99999999999994,28.46116193391372
0.11493126,-0.0029579914518808926,1561.4367097509441,944.0,65.40643111768476
0.35751447,0.18110175025988898,2831.9492625284233,1908.0,48.42501375935132
0.071627274,0.05336734444539309,1334.635102369211,1239.0,7.71873304029144
-0.044183724,-0.026824659204963085,728.0831164453399,819.0,11.10096258298658
-0.06469363,-0.03751692635834391,620.6639203234859,763.0,18.654794190893075
0.0800462,0.06711454507116843,1378.728632693727,1311.0,5.166180983503198
-0.014021256,-0.14329399784000418,886.0569271031536,209.0,323.9506828244754
0.21920307,0.2452553531801739,2107.5529913329096,2244.0,6.080526232936291
-0.05825791,-0.03312545949177679,654.3705444213043,786.0,16.746750073625407
0.20422208,0.04133854389783966,2029.0911231463233,1176.0,72.5417621723064
-0.06735104,-0.05565559385068638,606.7459034151407,668.0,9.169774937853193
-0.06572299,-0.07684919481542336,615.2727335187376,557.0,10.461891116469946
-0.080989115,-0.119427330086922,535.3174584342191,334.0,60.274688153957825
